Timestamp  2.0, total num  12:  0,12,0.995293066854603   3,17,0.9996983096329883   5,6,0.9999569514950536   2,5,0.992893084058823   2,6,0.9939546030444568   6,10,0.9857055014850685   5,10,0.9872263284320166   4,11,0.9985156935885123   8,11,0.9832280919323126   4,9,0.9988724370613186   9,11,0.994804102132289   14,19,0.9917619299410227   
Timestamp  3.0, total num  9:  0,1,0.995465838210135   5,6,0.9966819534211502   2,7,0.9951306050094161   7,15,0.9903375789389637   15,17,0.9842777068743128   4,18,0.9999811743542467   3,5,0.9807793188598244   10,19,0.9915175892700849   14,16,0.993203822864211   
Timestamp  4.0, total num  16:  0,8,0.9949503328808119   3,6,0.9999985239749927   5,6,0.9956686312971036   6,9,0.980044674669954   3,5,0.9955074198969217   3,9,0.9803847578934557   2,12,0.9966617861540945   4,10,0.9995760074307816   4,18,0.9818587548733932   10,18,0.986963456976427   14,17,0.9964538585434235   14,19,0.9911078282156821   14,16,0.987526046219443   17,19,0.9987891188264117   16,17,0.9972726219654364   16,19,0.9996960378590444   
Timestamp  5.0, total num  10:  0,8,0.9939226961989852   0,19,0.9890904905015163   8,16,0.988832222023134   8,19,0.9992953295045739   16,19,0.9937293118669899   4,10,0.9920366874476255   14,16,0.9933424999247485   1,2,0.9982735238362268   7,12,0.9996648152761498   15,18,0.9927519820132062   
Timestamp  6.0, total num  11:  0,10,0.9973697503858664   2,16,0.9997928685926485   1,8,0.9888904782943955   1,14,0.986715099391048   8,14,0.9999022174417747   7,14,0.9814947007379543   6,11,0.9999780118147114   3,9,0.993106918351632   3,18,0.9875857757412093   9,18,0.9991900025196289   15,17,0.9991877686295549   
Timestamp  7.0, total num  13:  0,5,0.9988772778686448   0,18,0.9983911730415722   5,18,0.9999563692329123   4,6,0.9969529754060349   4,17,0.9803502470806911   6,17,0.9927507156416544   7,14,0.9885223410614733   8,11,0.9830273814955091   16,19,0.9858083911198784   8,13,0.9989892616636212   13,15,0.999704977630476   8,15,0.9976027577291982   10,12,0.993228819041604   
Timestamp  8.0, total num  10:  0,2,0.9881601631838496   5,8,0.9803880305721758   5,13,0.99995935021345   8,13,0.9821251290777954   8,11,0.9993676727691707   7,19,0.9979707167380778   6,7,0.9908626754750347   6,19,0.997440014270186   9,16,0.991683762132993   10,12,0.9995369247510874   
Timestamp  9.0, total num  9:  3,13,0.9983904677923237   9,12,0.9993420007853312   0,4,0.9975143365284687   0,16,0.9998779841617008   2,4,0.989605296541892   2,16,0.9802230050952409   4,16,0.9984933417340731   6,17,0.9835590386526596   14,15,0.9995441194007504   
Timestamp  10.0, total num  12:  1,14,0.9999974266195466   3,17,0.9923039049431044   2,3,0.9957804851459108   5,11,0.9961360389322431   5,13,0.9966916671645947   0,5,0.995198775940713   11,13,0.9857025716176254   11,17,0.9918718006245404   0,11,0.9999490519849507   0,13,0.9839515288549294   0,17,0.9931056687036851   10,19,0.9999948463479946   
Timestamp  11.0, total num  7:  3,6,0.9951398337061491   6,17,0.9895877559416226   8,15,0.9999999462961178   0,5,0.9915486321048713   8,9,0.9848953294671011   9,15,0.9848385296581498   14,16,0.9994758348722765   
Timestamp  12.0, total num  13:  1,8,0.9998624086028962   1,15,0.9989325201341559   8,15,0.9980288183365269   1,14,0.9942755298569758   8,14,0.9959111023658257   9,14,0.9888977793777103   14,15,0.9882785700113457   0,2,0.9946586016934723   2,16,0.9950256934592456   11,13,0.9960528427916474   11,19,0.9910015466251635   13,19,0.9989707700499132   10,17,0.9800386737703439   
Timestamp  13.0, total num  8:  0,18,0.9997775136819397   4,12,0.9981959394371472   4,11,0.9906282846726118   11,12,0.9970417990968253   11,13,0.9903414299814145   0,2,0.9940821788072808   2,18,0.996152377633252   10,17,0.9962106877010068   
Timestamp  14.0, total num  11:  0,1,0.9997383008717374   0,14,0.9914392396937883   0,18,0.9957190101655131   1,14,0.9881928345792615   1,18,0.9933439224769165   14,15,0.9923642114206878   14,18,0.9992636262415985   15,18,0.9869009073338415   3,9,0.9983693416626288   11,17,0.9894140383289229   10,17,0.9953181499680206   
Timestamp  15.0, total num  13:  0,1,0.9920409726921937   0,7,0.9879709588462393   3,8,0.9998276792613566   3,10,0.992767698227596   8,10,0.9948252214148025   3,17,0.9942927773140785   8,17,0.9921409533555108   11,17,0.9851062423284682   5,12,0.9955334427048714   6,9,0.992004482790476   13,14,0.9975065901040971   14,15,0.9930903173997201   13,15,0.9988961030393675   
Timestamp  16.0, total num  13:  0,12,0.9984610249736214   0,14,0.9994648052913138   12,14,0.9997408173754858   0,15,0.9969327864378453   0,4,0.9830239227903228   4,15,0.9943681813181751   12,15,0.9910582556575189   14,15,0.9938390767558369   13,15,0.9866458962453339   4,13,0.9983514243102479   6,7,0.9962238393947742   8,17,0.9994170455581969   17,18,0.9805002722062349   
Timestamp  17.0, total num  14:  0,11,0.9961710349410612   0,14,0.9949548184009609   11,14,0.9823742640859252   7,11,0.9894307545366179   1,7,0.980838663953736   1,6,0.9905203272634087   6,16,0.9989870319572687   1,16,0.9833356188508093   3,9,0.9968415323419526   10,18,0.9803861355982737   10,13,0.9999948831505405   13,18,0.9810116005191305   3,16,0.9818120470912582   12,15,0.9866831060653269   
Timestamp  18.0, total num  9:  5,15,0.9987340283159862   3,13,0.997354899675948   1,6,0.9977864704445766   10,18,0.9954467433668323   8,19,0.996914654385743   12,19,0.9921276240870505   11,16,0.9999989598902984   7,16,0.9855937752602006   7,11,0.9858366854911816   
Timestamp  19.0, total num  15:  1,3,0.9987816892247882   1,8,0.9836559986947107   9,17,0.9998769110220335   5,8,0.9922909313551835   5,12,0.9999992198761415   5,15,0.9947426847812059   5,19,0.9981182011018949   8,12,0.992135356150254   8,15,0.9997653479592616   8,19,0.9980229557997337   12,15,0.9946139935621896   12,19,0.9980408285985194   15,19,0.9991502440629971   7,14,0.9999976818664792   0,6,0.985425422931667   
Timestamp  20.0, total num  12:  1,8,0.9933022448460788   11,15,0.9953104699256335   8,12,0.9884007074997005   1,3,0.9982481789102339   3,8,0.9847258619534043   5,9,0.9837774143708468   9,17,0.9829340237360981   7,18,0.9865673049972545   0,13,0.9834379055024138   6,13,0.9845442211044095   0,6,0.9999807268153937   4,14,0.9975670458979488   
Timestamp  21.0, total num  10:  1,2,0.9912592868309847   2,4,0.9920140811596053   2,16,0.9898692588608538   4,16,0.9998720141565104   13,18,0.9808128281461014   3,16,0.9828445667718836   1,5,0.9815162941454749   9,10,0.9972270213909314   3,8,0.9839869602843234   15,19,0.9998385279287305   
Timestamp  22.0, total num  14:  0,6,0.998844808765571   0,9,0.9912083659743691   0,16,0.9978146616136019   6,9,0.9964211713598011   6,16,0.99983706575039   9,16,0.9977846287404645   9,17,0.9918475691516985   16,17,0.9811727311155226   2,10,0.9992773884212657   4,7,0.9917406053763638   11,19,0.9992006704636711   11,14,0.9957292256951827   14,19,0.9986238951852587   14,15,0.9871563350689583   
Timestamp  23.0, total num  12:  0,9,0.9918019335618262   6,9,0.9950900586490294   12,13,0.9933390728600817   12,17,0.9929391862690388   13,17,0.9999941518505813   2,19,0.9978711919105253   2,4,0.9881209829837372   3,7,0.9988786258855893   10,14,0.9970284316310478   11,14,0.9839992061905046   13,16,0.9942543688714417   16,17,0.994614640001882   
Timestamp  24.0, total num  17:  0,4,0.9999493411245571   0,6,0.9975772393902037   4,6,0.998226939052187   0,18,0.9909678757139467   4,18,0.9895678901687675   12,13,0.9999358831751275   2,7,0.99496402657977   7,12,0.9822013444102493   7,13,0.9842653395551804   8,15,0.9855093465347361   1,10,0.9994545655615868   9,16,0.9994720854641668   16,19,0.9812934355463171   5,17,0.9997480072984793   5,19,0.9979061432087782   9,19,0.9870301600825039   17,19,0.9991065980052536   
Timestamp  25.0, total num  10:  0,4,0.9965975497444822   0,6,0.9826709122270639   0,1,0.9842626860370955   4,6,0.9946049949179152   1,4,0.9954786322210671   1,6,0.9999613456411803   16,18,0.9957452143755943   7,12,0.9995296283458606   16,19,0.9832101452880174   8,17,0.9943741490079422   
Timestamp  26.0, total num  12:  1,16,0.9998602178660054   0,4,0.9967817060342337   0,6,0.9958168026392225   4,6,0.9852872238215836   3,13,0.998545821028388   8,15,0.9816413514333377   10,15,0.9957965136637219   2,11,0.9999694078648731   12,18,0.986961900023342   4,19,0.9961834568332311   0,19,0.9859804199831671   6,18,0.9913490179437475   
Timestamp  27.0, total num  9:  0,14,0.9948151373625077   1,7,0.9820304001794059   1,6,0.9858046175696125   6,7,0.9997760116914162   12,19,0.9930852240160105   3,5,0.9989904597324091   2,10,0.9999230296396012   3,11,0.9819986839508986   4,18,0.9883529605833387   
Timestamp  28.0, total num  11:  0,15,0.9828123755104891   0,14,0.9846758976046148   1,5,0.992496863976439   2,6,0.9832975869146653   2,10,0.9999991225896009   6,8,0.9990497754394116   6,10,0.9835378256225932   2,3,0.9810412548809929   3,10,0.9807836692949325   9,12,0.9937145023487873   16,19,0.9988581967102065   
Timestamp  29.0, total num  12:  3,8,0.99807984512302   3,10,0.9963503446418948   8,10,0.9997243138829554   2,6,0.9854282560841928   7,14,0.9976105361616623   16,17,0.996904933207488   16,19,0.9874882899360441   17,19,0.9968291684278576   9,12,0.9896775028361268   12,13,0.9890354522565704   4,15,0.9858438653551166   0,4,0.9933442906593587   
Timestamp  30.0, total num  13:  0,4,0.9933688138886878   0,11,0.9958027964755489   0,15,0.990775743941044   4,11,0.9997221689009761   4,15,0.999785683625425   11,15,0.9990199403389273   6,18,0.9838770816029121   12,18,0.9942109201360299   3,8,0.9824697099944851   8,10,0.9986469028306254   3,10,0.9908349434147361   3,13,0.9871562887470706   16,19,0.9862772570531354   
Timestamp  31.0, total num  13:  0,3,0.9996913579317868   0,15,0.9938755510862356   3,15,0.990823488109052   1,5,0.9997390981277827   2,11,0.9800047916295777   8,10,0.9983266463332057   6,7,0.9859229428311297   14,16,0.985337618854796   14,18,0.9992727515052583   16,17,0.9991703626382572   9,19,0.9870338154629297   16,19,0.987756317207197   17,19,0.9932902443989166   
Timestamp  32.0, total num  18:  1,2,0.9815550084375504   1,4,0.9995877830055708   4,11,0.9969159276269185   4,13,0.9958174905054021   1,11,0.9942519084657471   1,13,0.9927839144276145   11,13,0.9999163485832865   6,17,0.9970981101300718   14,18,0.9896458783130342   9,14,0.9816543086563603   9,18,0.998857034791372   10,12,0.9996474747877854   5,10,0.9987835928518776   5,12,0.999740660834322   7,15,0.9999913717911644   7,19,0.98889360188501   15,19,0.989502469723094   16,19,0.9977325213847559   
Timestamp  33.0, total num  13:  0,3,0.9951579876625981   2,8,0.9927019521574013   10,12,0.9996694121474303   1,4,0.9992422630244002   4,13,0.9941670425519996   1,13,0.9976114807703382   6,9,0.9998959469460169   14,16,0.9997180998162392   7,14,0.9923535918143156   7,16,0.9891433317013061   7,17,0.9948493709554525   5,10,0.9818876619358511   5,12,0.986434411668691   
Timestamp  34.0, total num  13:  2,11,0.9813622991204357   4,14,0.9981001040688501   4,17,0.9995737775672577   14,17,0.9994733982939065   1,7,0.9943759886970345   4,15,0.9895503159526862   6,9,0.9989584286084708   6,15,0.9945054772270197   9,15,0.9982463402313243   15,17,0.9849191889449987   10,19,0.9968671347507968   13,16,0.9985262179344591   5,18,0.999659813976026   
Timestamp  35.0, total num  15:  1,7,0.9954555529008368   0,1,0.9983952660583915   0,7,0.9992507806690019   4,7,0.9897544518109855   0,4,0.9834869775255078   3,9,0.9908487446613068   3,6,0.9994268707735224   6,9,0.98571167773739   10,16,0.9909631014002019   10,18,0.9991758252786261   16,18,0.9847016433746083   2,5,0.9988153182987427   5,12,0.9818565003427714   11,12,0.9973578847959146   15,17,0.9982741368341369   
Timestamp  36.0, total num  15:  0,18,0.9999714612184267   0,10,0.9969368964533564   1,9,0.9943630959406096   10,18,0.9963175741604965   1,6,0.9864281813572735   6,9,0.9982769434353929   2,5,0.9973200961578639   2,8,0.9803794472924603   8,11,0.9953838633528985   4,13,0.9992586677546245   13,16,0.9864064793803612   12,14,0.9803550413607487   12,19,0.999889715396599   14,19,0.9831761808231791   15,17,0.999455318622092   
Timestamp  37.0, total num  18:  4,18,0.9955162128281395   8,12,0.9900214636428608   2,14,0.9963612521499219   8,17,0.9812253469661432   2,11,0.9838554795726538   8,19,0.9995127450153488   11,14,0.9955287538548454   12,17,0.9986120105866035   12,19,0.9851405916164777   5,11,0.9844678595678755   4,13,0.9890088216390193   1,16,0.9940467209994099   13,16,0.9910052048059361   6,10,0.9940277673801869   6,9,0.9936722847329952   9,10,0.999994846156697   12,15,0.9840511006935937   15,17,0.9920543747998507   
Timestamp  38.0, total num  12:  1,4,0.9880345162852074   1,10,0.9966634603685333   4,10,0.9973265067778275   4,11,0.9823916074997837   4,13,0.9889281356902457   11,13,0.9992398891590099   3,14,0.9832840861906882   9,14,0.9962278948222207   9,16,0.9988564190524284   14,16,0.9909398398801835   7,17,0.9975282312322257   12,15,0.9988124851510821   
Timestamp  39.0, total num  12:  0,12,0.9931500558702566   0,15,0.9999827702222351   12,15,0.9938188530772162   1,4,0.996500254978197   3,18,0.9908340239356279   2,11,0.9991150399515344   5,13,0.9880833831088619   5,6,0.9926823676322174   5,17,0.9983942706609326   6,17,0.9979287820271953   9,14,0.9982740663749732   8,19,0.9939987370446941   
Timestamp  40.0, total num  14:  1,4,0.9803156618859171   1,10,0.9928784034725054   4,10,0.9968552991149295   4,11,0.9962421234296904   10,11,0.9862458158879983   7,16,0.997312597956823   2,3,0.9949340872433837   5,15,0.9815931644214593   6,15,0.9941626969479999   8,9,0.991318985887933   9,14,0.9962644522252156   14,17,0.999921873188337   9,17,0.9972660429500335   13,19,0.9876595510665781   
Timestamp  41.0, total num  12:  0,6,0.9870381170044084   4,14,0.9993756231467056   4,13,0.9992794124107143   13,14,0.9999965532593463   14,17,0.9812140286363292   13,17,0.9817171723072607   8,9,0.9826369798228927   10,19,0.9999934194901341   10,12,0.9825736088915917   12,19,0.9832414574722899   1,16,0.986143844987572   3,15,0.9946528038481219   
Timestamp  42.0, total num  12:  1,9,0.992682973076803   1,14,0.9999331650423018   9,14,0.9940126612032729   1,7,0.988660280466721   7,13,0.9900994984856573   7,14,0.9868580382405111   11,17,0.9940542572268782   4,11,0.9823964865512151   12,18,0.989833134682232   16,17,0.9879612131431836   6,15,0.9929174344051442   10,19,0.9969605435427232   
Timestamp  43.0, total num  17:  1,3,0.981815870346352   1,12,0.9997994409982859   1,14,0.9998959519233775   3,12,0.9854207841169437   12,14,0.99940652211248   1,2,0.9900256561774555   2,12,0.9870055602537888   2,14,0.9919549665804972   5,7,0.9809384709095305   6,13,0.9983089774057569   0,17,0.9954310069866817   10,17,0.99436379154819   11,19,0.9877860671203718   8,15,0.988711247392452   10,16,0.9913198277649622   16,18,0.9839638453883448   4,18,0.9857897766101946   
Timestamp  44.0, total num  12:  2,3,0.9958682837381122   3,8,0.9994282460827724   2,8,0.998369247689025   1,14,0.9827328425138662   5,18,0.9882173866469295   16,18,0.9984824715538554   0,5,0.9905657444682322   0,7,0.9966049616795571   7,10,0.9996634617968374   0,10,0.9941337489589634   4,9,0.9999906892246094   6,13,0.9998546199728535   
Timestamp  45.0, total num  11:  1,13,0.9999200594216322   2,3,0.992314440363295   11,14,0.9999910841052669   11,19,0.9882023647922891   14,19,0.9875468222025238   16,18,0.9999490154829496   16,17,0.9843301470332467   17,18,0.9824993545726944   4,9,0.999999662328629   8,15,0.996049917945833   0,6,0.9983433900563295   
