Timestamp  2.0, total num  25: 
 5,7,0.9275067408011053
3,17,0.9996983096329882
0,13,0.9488038877143761
8,11,0.9832280919323129
1,17,0.9314492607536485
4,11,0.9985156935885124
2,6,0.9939546030445139
6,7,0.9309352685150176
5,10,0.9872263284320165
9,11,0.9948041021322889
4,8,0.971835389765483
14,16,0.9198615277744238
12,13,0.9137271141921323
14,19,0.9917619299410227
6,10,0.9857055014850685
5,6,0.9999569514950536
1,3,0.9222308620001658
0,12,0.9952930668545932
2,10,0.9612490677186944
4,9,0.9988724370613183
2,7,0.9654016426918964
16,19,0.9625279598317349
8,9,0.9595516439733478
2,5,0.9928930840588903
8,18,0.9228127658841448

Timestamp  3.0, total num  20: 
 10,13,0.9324945301559852
1,6,0.911243620775591
8,9,0.9140947518084146
4,11,0.9167430010510641
10,19,0.991517589270085
0,1,0.9954658382099596
3,6,0.9616433060387093
13,16,0.9135390879518359
14,16,0.9932038228642112
7,15,0.9903375789389635
4,18,0.9999811743542467
5,6,0.9966819534211501
7,17,0.9502728736340664
13,14,0.954671443463363
11,18,0.9142745344963124
2,15,0.9718464614924442
3,5,0.9807793188598245
2,17,0.9149506266288203
2,7,0.9951306050102993
15,17,0.9842777068743128

Timestamp  4.0, total num  28: 
 6,8,0.9111327133770782
13,15,0.9107275162335569
3,6,0.9999985239749927
6,9,0.9800446746699538
1,5,0.9652210545278301
17,19,0.9987891188264119
16,17,0.9972726219654365
4,18,0.981858754873393
1,3,0.9361311143057557
3,8,0.9118394415946163
10,13,0.9241575941570959
0,8,0.9949503328808113
3,9,0.9803847578934557
14,17,0.9964538585434235
16,19,0.9996960378590443
2,12,0.9966617861541283
11,18,0.9027215698722145
8,9,0.9748695074956213
4,13,0.9348888225947248
14,19,0.9911078282156819
1,6,0.9367339228506887
0,9,0.9475869818651711
4,10,0.9995760074307816
5,9,0.9573188153165882
10,18,0.9869634569764271
14,16,0.9875260462194428
5,6,0.9956686312971033
3,5,0.9955074198969217

Timestamp  5.0, total num  23: 
 6,9,0.9702998106801214
1,7,0.9070155581844307
8,14,0.9650807034730478
0,19,0.9890904905011625
0,4,0.9394859777743062
8,19,0.9992953295045739
8,16,0.9888322220231335
4,10,0.9920366874476255
1,12,0.9176134599910003
0,14,0.9303797772807743
0,8,0.9939226961987876
14,16,0.9933424999247487
1,2,0.9982735238360513
3,9,0.9253318696810087
11,13,0.9360646717751002
6,17,0.9129962891330582
14,19,0.9742329245668359
0,16,0.9664171892231185
15,18,0.9927519820132064
13,15,0.9403180930449775
11,17,0.9670023260982403
7,12,0.9996648152761497
16,19,0.99372931186699

Timestamp  6.0, total num  26: 
 2,16,0.9997928685926502
8,14,0.9999022174417745
0,10,0.9973697503858673
7,14,0.9814947007379543
6,17,0.9407259704004165
5,12,0.9395043898927178
1,8,0.9888904782941892
3,18,0.9875857757412095
2,19,0.9255291151410726
3,9,0.9931069183516318
1,14,0.986715099390802
11,15,0.9556041166930277
1,7,0.9373462533687201
6,11,0.9999780118147115
4,8,0.9106504781158226
7,19,0.932757257835463
15,17,0.9991877686295548
4,14,0.9047835084666778
11,17,0.9429544522157552
11,13,0.9732886245063822
6,15,0.9536291291364658
6,13,0.9747897006430385
1,4,0.9619507645451901
7,8,0.9787209187016911
9,18,0.9991900025196291
16,19,0.9176304368783066

Timestamp  7.0, total num  20: 
 4,7,0.9282665508097229
8,11,0.9830273814955083
7,14,0.9885223410614733
10,12,0.993228819041604
8,13,0.9989892616636212
6,17,0.9927507156416544
14,19,0.9420557258715977
11,13,0.973787417342286
11,15,0.9679753413646198
8,15,0.9976027577291979
0,18,0.9983911730415731
4,17,0.9803502470806909
13,15,0.999704977630476
2,3,0.936349031363451
1,17,0.9303325637832132
5,18,0.9999563692329124
16,19,0.9858083911198784
9,16,0.9065874396527417
0,5,0.9988772778686453
4,6,0.9969529754060351

Timestamp  8.0, total num  22: 
 17,19,0.9617815856956781
6,17,0.9788996466953582
4,11,0.9463188881525703
7,19,0.9979707167380776
4,8,0.9342274621190936
9,16,0.9916837621329928
10,15,0.9037056882115048
0,2,0.9881601631838275
1,14,0.9494000703721156
6,19,0.9974400142701858
4,9,0.9616389430985178
5,11,0.9727607671806121
8,11,0.9993676727691707
5,13,0.9999593502134497
0,3,0.9154543532420243
11,13,0.9748113597995944
4,16,0.9183373552196167
10,12,0.9995369247510874
7,17,0.9423946334802489
6,7,0.9908626754750346
8,13,0.9821251290777953
5,8,0.9803880305721762

Timestamp  9.0, total num  19: 
 2,16,0.9802230050953684
0,4,0.9975143365284656
4,16,0.998493341734073
0,16,0.9998779841617004
3,13,0.9983904677923235
6,7,0.9616606247361814
14,15,0.9995441194007505
11,13,0.9676056875739529
14,19,0.9548948719121211
12,17,0.9022663046810759
9,12,0.9993420007853311
7,18,0.9599691913674251
0,2,0.9770120603567848
3,11,0.9517299300808348
6,17,0.9835590386526595
18,19,0.9698559916824742
2,4,0.9896052965419592
2,11,0.9355185972261111
15,19,0.9454942355327611

Timestamp  10.0, total num  31: 
 18,19,0.974658477681813
10,19,0.9999948463479948
0,5,0.9951987759406882
0,2,0.9448912044160384
0,3,0.9709473923970126
1,14,0.9999974266195465
2,3,0.9957804851459117
2,11,0.9415383703562599
3,13,0.9126666890335373
13,17,0.9562511202929972
0,17,0.9931056687036506
7,15,0.9718278305573763
0,13,0.9839515288548484
2,5,0.9083120114049742
2,17,0.9767536638770954
5,17,0.9768644583055921
0,11,0.9999490519849503
3,6,0.9391140301086244
2,6,0.9666831643393011
1,8,0.9002328009451278
6,9,0.9483682598595726
9,12,0.9790385058272344
5,11,0.9961360389322423
3,11,0.9684824460571133
11,17,0.9918718006245405
11,13,0.9857025716176253
3,5,0.942864995462857
3,17,0.9923039049431042
5,13,0.9966916671645943
16,18,0.9238446245867784
10,18,0.9739352729381537

Timestamp  11.0, total num  20: 
 6,17,0.9895877559416225
1,4,0.9595885862555839
7,9,0.9126068207301906
3,7,0.9660024139457242
7,15,0.9696929958164858
7,8,0.9696128702778971
6,7,0.9358492461306045
10,18,0.9765322459997109
14,16,0.9994758348722766
3,17,0.9706050589076342
2,11,0.9525123717282353
8,15,0.9999999462961183
8,9,0.984895329467101
3,6,0.9951398337061492
16,19,0.9760275493847552
12,13,0.9732726002041249
14,19,0.968469913809898
0,5,0.9915486321048608
9,15,0.9848385296581498
2,12,0.9746789238935945

Timestamp  12.0, total num  27: 
 7,8,0.9642844613011496
11,19,0.9910015466251636
1,15,0.9989325201341405
0,16,0.9794282803752536
13,19,0.9989707700499133
6,18,0.9516594826165302
3,7,0.9573703317310309
9,14,0.9888977793777103
8,15,0.9980288183365268
4,6,0.9146169943080065
11,13,0.9960528427916475
7,15,0.9790061298079391
5,12,0.9764591114479564
2,16,0.9950256934594487
1,14,0.9942755298568916
7,14,0.9364137050320076
8,14,0.9959111023658258
10,17,0.9800386737703438
17,18,0.9519358039567029
1,8,0.9998624086028943
1,9,0.9673597560539604
4,19,0.9062456001730581
14,15,0.9882785700113458
1,7,0.9685454445151611
8,9,0.9714301870008125
0,2,0.994658601693684
9,15,0.954621415947028

Timestamp  13.0, total num  23: 
 8,10,0.9665946335687752
4,12,0.9981959394371474
7,15,0.9771418163079366
11,12,0.9970417990968253
2,18,0.9961523776332724
10,17,0.9962106877010067
2,14,0.9038039480586768
0,18,0.9997775136819396
2,16,0.9273901498892907
12,13,0.976754981372048
0,2,0.9940821788073031
5,6,0.9140572712395043
8,17,0.9406399098487983
1,15,0.9725563262865826
11,13,0.9903414299814143
14,18,0.9378309017925299
0,14,0.9449435390593937
3,7,0.9320571206315078
4,13,0.9621226364673151
1,7,0.9008630078652757
4,11,0.9906282846726118
8,9,0.9221796038947518
1,14,0.952082513212574

Timestamp  14.0, total num  25: 
 8,16,0.9475199746743866
11,12,0.9732175799137422
6,13,0.9146474880001639
0,15,0.967764179595888
12,17,0.9295540526144518
2,7,0.9441651719240692
10,11,0.9707554679489877
14,15,0.9923642114206875
15,18,0.9869009073338415
5,12,0.9080271651134738
4,19,0.9769414613943981
0,1,0.999738300871735
9,16,0.9510454140200159
11,17,0.9894140383289229
5,6,0.9447326419734486
14,18,0.9992636262415984
3,9,0.9983693416626284
0,18,0.9957190101655061
10,17,0.9953181499680205
4,13,0.9396722155703465
1,15,0.9617493098492806
1,18,0.9933439224768669
3,16,0.9671366622583771
1,14,0.988192834579173
0,14,0.9914392396937737

Timestamp  15.0, total num  30: 
 1,4,0.9187934447405035
10,11,0.9210468572043525
1,7,0.9606361600181769
3,11,0.9611397325156902
6,9,0.9920044827904759
5,9,0.9346513315346469
7,14,0.9613885982740628
7,13,0.9395700613508269
3,8,0.9998276792613566
3,17,0.9942927773140787
0,7,0.9879709588462209
13,15,0.9988961030393676
8,10,0.9948252214148025
0,14,0.9072680808804103
13,19,0.9445019337781634
8,11,0.9558493636436506
11,17,0.9851062423284686
5,12,0.9955334427048714
0,1,0.9920409726921238
10,17,0.9742939832453795
13,14,0.9975065901040973
15,19,0.9588906002563585
6,12,0.922800642266111
11,16,0.9471296437104009
14,19,0.9189631330293156
8,17,0.9921409533555108
14,15,0.9930903173997203
7,15,0.9224509419041185
9,12,0.9640454476098285
3,10,0.9927676982275963

Timestamp  16.0, total num  31: 
 8,18,0.973219485335544
14,15,0.9938390767558368
1,6,0.9348339980229463
0,5,0.9199666090337952
0,4,0.983023922790311
0,15,0.9969327864378433
12,15,0.9910582556575187
4,13,0.9983514243102481
11,16,0.9702874367243199
4,12,0.9713357957152312
6,7,0.9962238393947743
6,9,0.9521834607484234
17,18,0.9805002722062351
4,14,0.9764958212709833
2,8,0.9145716458714209
0,13,0.9708722506946136
8,17,0.9994170455581968
3,11,0.9607631677346401
5,14,0.9322974128891796
12,13,0.9560905091830768
4,15,0.9943681813181752
3,10,0.9561441866651464
7,9,0.9751143191496648
2,17,0.9002312853264275
1,7,0.9004747157085208
5,12,0.9402901293638601
13,14,0.9625148213295849
0,12,0.9984610249736204
12,14,0.9997408173754857
0,14,0.9994648052913134
13,15,0.9866458962453345

Timestamp  17.0, total num  32: 
 10,13,0.9999948831505405
7,11,0.9894307545366179
0,14,0.99495481840091
6,7,0.9447787046376681
1,11,0.9422215881191202
1,3,0.9309351238491277
7,16,0.9290750960569498
0,1,0.909327065116762
5,12,0.9295597676030146
3,9,0.9968415323419529
10,18,0.9803861355982737
4,13,0.9679430107015512
1,6,0.9905203272633335
2,8,0.9498388170933333
0,7,0.9729649816798178
3,6,0.9722741960541101
11,14,0.9823742640859255
4,9,0.906690081288985
4,18,0.9008491513700309
9,16,0.9636333927687052
13,18,0.9810116005191303
6,16,0.9989870319572687
0,11,0.9961710349410222
1,7,0.9808386639535844
12,15,0.9866831060653269
2,17,0.901982345941753
4,10,0.968741553268843
5,15,0.9771469459738619
3,16,0.9818120470912584
7,14,0.9448860940909741
6,9,0.9506322802971393
1,16,0.9833356188506776

Timestamp  18.0, total num  28: 
 3,4,0.9796201046449339
10,18,0.9954467433668323
10,16,0.9364722703788441
5,15,0.9987340283159863
7,16,0.9855937752602004
11,18,0.9652649110008337
10,11,0.9359654230343333
8,15,0.9105040352409033
7,14,0.9575676628465143
7,11,0.9858366854911813
1,18,0.9253532158288629
8,19,0.9969146543857431
16,18,0.9656407402699885
11,16,0.9999989598902983
0,17,0.9575771186447102
12,19,0.9921276240870504
15,17,0.976404292198817
9,13,0.9769953753214714
6,10,0.9359270411585267
3,9,0.9589101466494548
1,10,0.9572759962915004
3,13,0.9973548996759479
1,6,0.9977864704445517
5,8,0.9301514525172937
8,12,0.9792368020775387
7,18,0.9077759215551062
5,17,0.9643053391253326
4,13,0.9624293233046086

Timestamp  19.0, total num  38: 
 1,3,0.9987816892247582
11,12,0.9533250517897129
5,11,0.9529471478622861
12,19,0.9980408285985192
5,8,0.9922909313551832
3,17,0.908991955489982
3,19,0.9572937273533126
0,6,0.9854254229316349
15,19,0.9991502440629975
11,19,0.9325657752255937
8,12,0.9921353561502531
8,15,0.9997653479592614
1,19,0.9703945413208825
1,12,0.9533821046955536
8,11,0.908033030686385
10,18,0.9780863723793717
12,15,0.9946139935621892
6,9,0.9398240900791512
3,12,0.9373293217765258
9,17,0.9998769110220336
3,5,0.9377638323622245
3,8,0.9735722590295289
1,15,0.9795247376787388
5,15,0.9947426847812058
3,9,0.9023404389137116
7,14,0.9999976818664791
7,10,0.9457129469628768
6,17,0.9343479275588947
1,8,0.983655998694311
8,19,0.9980229557997337
1,5,0.9537582960793934
14,16,0.9396924573849583
7,16,0.9389538409939235
5,19,0.9981182011018949
11,15,0.9168942053053695
5,12,0.9999992198761414
3,15,0.9683966224839174
10,14,0.9450109586230355

Timestamp  20.0, total num  23: 
 5,19,0.9411562027763195
1,19,0.9655493152472236
3,19,0.9792539373148302
12,15,0.9292469183818152
0,13,0.9834379055023962
1,8,0.9933022448459655
1,12,0.9642329934804845
5,17,0.9339873600631794
3,12,0.9468616154279251
8,12,0.9884007074996991
3,8,0.9847258619534045
4,16,0.9373409067158661
7,18,0.9865673049972543
14,16,0.9107712268937425
2,14,0.9110162220972687
0,6,0.9999807268153937
1,3,0.9982481789102043
9,17,0.9829340237360983
8,19,0.9290151628046839
11,15,0.9953104699256333
4,14,0.9975670458979489
5,9,0.9837774143708466
6,13,0.9845442211044095

Timestamp  21.0, total num  28: 
 2,3,0.9467010863872255
4,16,0.9998720141565104
0,6,0.9107036102116226
5,9,0.9567626952983919
3,8,0.9839869602843233
1,16,0.9624856962840285
8,16,0.9342323189094228
4,8,0.9284066073945845
2,16,0.9898692588611544
1,5,0.9815162941452469
3,4,0.9797680616808919
13,18,0.9808128281461014
2,5,0.9476889261608159
3,16,0.9828445667718844
1,4,0.9667034515502887
7,17,0.9554937180827703
7,10,0.9610717846873279
7,9,0.9378447241187893
14,19,0.9337853500643826
0,18,0.9136028218463401
14,15,0.9400648122898877
1,2,0.9912592868311362
2,4,0.992014081159842
15,19,0.9998385279287305
8,11,0.9336940400491707
11,14,0.9304275504180708
5,10,0.9324632285790446
9,10,0.9972270213909314

Timestamp  22.0, total num  32: 
 0,18,0.9618701978714304
14,15,0.9871563350689585
2,10,0.9992773884213351
0,16,0.9978146616135971
0,9,0.9912083659743504
2,7,0.9444630613460367
4,10,0.9108592050185916
5,17,0.9694708020617885
9,16,0.9977846287404645
15,19,0.9774196837866693
11,14,0.995729225695183
2,5,0.9148281573884401
9,18,0.9172261217592472
9,17,0.9918475691516986
5,9,0.9303205638053005
12,13,0.9613740842525582
6,16,0.9998370657503899
11,15,0.9681913437124074
5,16,0.9038609742216739
0,6,0.9988448087655686
3,8,0.934853653727928
0,17,0.9662673289429141
6,17,0.9775266160358514
14,19,0.9986238951852587
16,17,0.9811727311155228
11,19,0.9992006704636708
4,7,0.9917406053763637
13,18,0.9205623039356063
16,18,0.9416962634846067
7,10,0.9562710807817001
6,9,0.996421171359801
6,18,0.9476163751293383

Timestamp  23.0, total num  27: 
 14,15,0.9213010960864572
12,16,0.9752973399550866
13,17,0.9999941518505813
4,19,0.9759952494417768
2,4,0.9881209829893752
0,6,0.9742849332923401
13,16,0.9942543688714418
6,9,0.9950900586490292
0,18,0.9587135997553673
16,17,0.9946146400018822
12,13,0.9933390728600817
6,13,0.9165762456274625
11,14,0.9839992061905046
6,17,0.9152033722097611
2,19,0.9978711919115358
10,11,0.9673497382207212
9,12,0.9229906135368724
3,7,0.9988786258855892
5,18,0.9462003832907994
10,14,0.9970284316310478
5,19,0.9463262292394595
12,17,0.9929391862690389
9,18,0.9145154372159623
0,9,0.9918019335618163
6,12,0.9565460514578281
10,15,0.9485182296710449
2,5,0.9232331256579603

Timestamp  24.0, total num  27: 
 7,12,0.9822013444102492
8,15,0.9855093465347359
17,19,0.9991065980052535
5,16,0.9667869387406857
7,13,0.9842653395551806
3,9,0.9548060638261453
9,19,0.9870301600825039
1,10,0.9994545655615665
12,13,0.9999358831751274
0,4,0.999949341124557
5,17,0.9997480072984792
9,17,0.979363952755765
2,7,0.9949640265798254
5,19,0.997906143208778
4,6,0.998226939052187
3,16,0.9639587671041412
16,17,0.9722807101975329
0,6,0.9975772393901986
4,18,0.9895678901687675
0,18,0.990967875713928
6,18,0.9792380186506453
2,12,0.9584281948854119
2,13,0.9615978205130307
6,12,0.9005129314081377
5,9,0.9745802759006525
16,19,0.9812934355463189
9,16,0.999472085464167

Timestamp  25.0, total num  33: 
 6,12,0.9012355485080703
10,17,0.977442201438501
0,1,0.9842626860303055
8,17,0.9943741490079422
0,7,0.9734209350527657
4,18,0.9341109504846024
0,12,0.9659393936717635
10,14,0.9727923000922953
0,4,0.996597549744392
4,7,0.9512324447581283
6,18,0.966102950369206
2,11,0.9460614994473395
1,12,0.9050107412439194
16,19,0.9832101452880173
8,15,0.976214953973619
6,16,0.9382034288280022
14,17,0.9019169362385087
0,18,0.9015095814230459
15,17,0.9477579104240054
18,19,0.9622117057155886
1,18,0.9637957721852612
6,7,0.9141009536122403
1,7,0.9176308420465622
16,18,0.9957452143755945
4,12,0.9413247211099124
7,12,0.9995296283458607
1,6,0.9999613456411647
3,9,0.9727419336269754
4,6,0.9946049949179154
8,10,0.9495716242239777
1,16,0.9351242335676393
0,6,0.982670912226604
1,4,0.9954786322192367

Timestamp  26.0, total num  25: 
 5,10,0.9605665847189948
5,17,0.9744480881096753
7,12,0.9253845061717805
9,14,0.9580285654252197
4,6,0.9852872238215836
10,15,0.9957965136637219
2,11,0.9999694078648732
0,6,0.9958168026391317
8,10,0.9600449176768685
6,18,0.9913490179437476
18,19,0.9246133422191806
4,19,0.9961834568332312
6,12,0.9572981459171669
12,18,0.9869619000233422
5,15,0.9310613779358607
4,18,0.9543316565692309
0,18,0.975209200476216
8,15,0.981641351433338
1,16,0.9998602178659954
3,13,0.9985458210283878
0,4,0.9967817060341639
0,19,0.9859804199828637
0,12,0.9268776203684838
6,19,0.9666093924733975
9,17,0.9283810028130401

Timestamp  27.0, total num  24: 
 4,18,0.9883529605833388
14,18,0.9194552332709943
0,14,0.994815137362485
0,9,0.9540756447918228
9,14,0.918663122529399
16,19,0.9793846220176693
5,11,0.9725219426536483
2,10,0.9999230296396078
13,17,0.9353607842764015
8,13,0.939795307996779
12,19,0.9930852240160105
4,14,0.9685822491759366
1,12,0.9450274820658275
1,7,0.9820304001784954
0,4,0.9382682186273567
3,5,0.998990459732409
2,5,0.903721152940764
12,16,0.9488979640933287
1,19,0.9001055188924937
2,8,0.974551807864224
3,11,0.9819986839508984
8,10,0.9772579893064892
6,7,0.9997760116914162
1,6,0.9858046175688934

Timestamp  28.0, total num  22: 
 3,10,0.9807836692949322
0,14,0.984675897604565
9,12,0.9937145023487872
0,15,0.982812375510433
0,4,0.9218028762368319
11,13,0.9294775661162736
6,8,0.9990497754394118
2,10,0.9999991225896009
1,17,0.9186203169069445
1,5,0.9924968639747918
16,19,0.9988581967102064
3,7,0.9430668717754624
8,10,0.9747275509461301
2,8,0.974430762606457
2,3,0.9810412548830737
3,6,0.9293830908838978
3,8,0.912412469867274
6,10,0.9835378256225931
14,15,0.9355572043945938
2,6,0.9832975869164985
7,11,0.976503827552393
4,15,0.9775239239356877

Timestamp  29.0, total num  23: 
 17,19,0.9968291684278576
9,13,0.9576620098319512
3,8,0.9980798451230202
9,12,0.9896775028361268
16,19,0.987488289936044
4,18,0.9007925977061195
0,4,0.9933442906591516
12,13,0.9890354522565704
0,18,0.9448153469603061
2,8,0.9485248865015788
2,10,0.9556994729560383
7,14,0.9976105361616621
14,19,0.9102546399089227
0,15,0.9599701095880142
2,3,0.9270868612515158
3,11,0.9038559965755757
7,19,0.9366856286321845
8,10,0.9997243138829555
2,6,0.9854282560873303
16,17,0.9969049332074881
7,17,0.9058519222308745
4,15,0.9858438653551165
3,10,0.9963503446418945

Timestamp  30.0, total num  25: 
 3,13,0.9871562887470706
10,13,0.9565291918691922
4,15,0.9997856836254249
8,13,0.9400687926496295
14,16,0.916318003362119
11,15,0.9990199403389274
1,2,0.9399964052076828
0,11,0.9958027964754921
0,4,0.993368813888598
16,17,0.9314920258008266
6,18,0.9838770816029125
3,10,0.9908349434147361
1,5,0.9633253158885593
3,8,0.9824697099944849
4,11,0.9997221689009761
7,9,0.9445541214081996
6,12,0.9589650495107354
9,12,0.978268509934274
8,10,0.9986469028306254
14,19,0.9698571156023921
9,18,0.9503271590857435
7,14,0.9287162892028552
0,15,0.990775743940919
12,18,0.9942109201360299
16,19,0.9862772570531351

Timestamp  31.0, total num  27: 
 2,11,0.980004791629914
16,18,0.9781152909421358
0,15,0.9938755510862104
6,7,0.9859229428311299
4,8,0.9361975599361877
14,19,0.9466565838855943
9,16,0.9499081940824077
17,19,0.9932902443989166
16,17,0.9991703626382572
4,10,0.9549555038964122
1,2,0.9352465336603601
1,5,0.9997390981277796
9,19,0.9870338154629296
3,15,0.9908234881090515
2,5,0.9430883620542206
18,19,0.9336806578333251
17,18,0.9688302629660067
4,11,0.9764585970535792
14,17,0.9775716870756245
2,4,0.9140144591680331
8,10,0.9983266463332056
14,18,0.9992727515052582
14,16,0.985337618854796
0,3,0.9996913579317854
16,19,0.987756317207197
12,13,0.9665223393174195
9,17,0.9618480946327108

Timestamp  32.0, total num  29: 
 15,18,0.9221322141725753
9,15,0.9395699948808433
15,19,0.9895024697230939
6,17,0.9970981101300717
2,4,0.9756616191218185
16,19,0.9977325213847561
2,11,0.9554440574414228
7,16,0.9766482516320766
9,14,0.9816543086563605
1,2,0.9815550084376278
15,16,0.9775323055028081
7,15,0.9999913717911645
1,11,0.9942519084656644
14,18,0.9896458783130342
0,3,0.9589472687338862
5,10,0.9987835928518776
5,12,0.999740660834322
7,19,0.98889360188501
7,9,0.940984064348804
10,12,0.9996474747877854
7,18,0.9237313653187914
9,18,0.9988570347913722
4,13,0.9958174905054024
14,17,0.9013033817556174
2,13,0.9515462900504584
1,13,0.992783914427511
4,11,0.9969159276269186
11,13,0.9999163485832866
1,4,0.9995877830055651

Timestamp  33.0, total num  26: 
 1,4,0.9992422630243902
6,16,0.9567739921976381
5,10,0.9818876619358508
15,17,0.9576395076385965
2,11,0.947551591743384
7,16,0.9891433317013061
1,13,0.9976114807703068
7,14,0.9923535918143157
10,12,0.9996694121474302
0,3,0.9951579876622143
4,13,0.9941670425519995
16,17,0.9691527293581149
9,16,0.9608698431188623
7,9,0.9097317098623094
8,11,0.9791783966202023
9,14,0.9540222099072253
14,17,0.9747311992637178
14,16,0.999718099816239
5,12,0.9864344116686908
7,17,0.9948493709554523
2,8,0.9927019521580162
7,15,0.9235171991907306
6,14,0.9495990980417669
18,19,0.9763776463342086
6,7,0.903647627636675
6,9,0.9998959469460167

Timestamp  34.0, total num  24: 
 9,14,0.9649415272335029
1,7,0.9943759886969739
4,17,0.9995737775672576
9,17,0.972950065980483
10,19,0.9968671347507966
14,17,0.9994733982939065
15,17,0.9849191889449986
5,18,0.999659813976026
9,15,0.9982463402313242
14,15,0.9787863956424724
6,9,0.9989584286084708
6,14,0.9519603082892812
6,17,0.9613955296787242
10,12,0.9754899538582777
2,11,0.9813622991211236
4,9,0.9792795352439043
13,16,0.998526217934459
4,6,0.9690189553842345
0,8,0.9723020863048971
3,8,0.9430112789840163
4,14,0.9981001040688503
12,19,0.9550296410513062
6,15,0.9945054772270198
4,15,0.9895503159526862

Timestamp  35.0, total num  28: 
 0,1,0.998395266058377
1,4,0.9716600096141318
4,7,0.9897544518109853
6,9,0.9857116777373899
2,11,0.9516692569851943
5,11,0.9654870418081368
0,4,0.9834869775254445
15,17,0.9982741368341369
7,9,0.9256769035576418
10,18,0.9991758252786261
0,7,0.999250780668999
0,9,0.9103416608288991
5,12,0.9818565003427714
4,6,0.915537569107542
3,6,0.9994268707735225
10,16,0.9909631014002023
16,18,0.9847016433746087
8,19,0.9654069725188364
3,9,0.9908487446613069
1,7,0.9954555529008136
13,16,0.9570983858854637
2,5,0.9988153182987782
11,19,0.9284186258551921
3,4,0.9286290554042131
2,12,0.9714658181404893
10,13,0.9095818773697408
4,9,0.9702086534387302
11,12,0.9973578847959147

Timestamp  36.0, total num  27: 
 0,9,0.9090965770943
13,16,0.9864064793803612
6,9,0.9982769434353931
1,10,0.920378878488465
1,18,0.9505162447556299
9,18,0.9122179002576392
10,18,0.9963175741604966
4,16,0.9793490527368571
12,14,0.9803550413607487
5,8,0.9633305306346445
0,10,0.9969368964533407
3,10,0.9061343116117733
15,17,0.9994553186220921
4,13,0.9992586677546244
2,11,0.9569355699575456
0,18,0.9999714612184266
3,7,0.9792840635061925
4,6,0.9053055827510869
1,6,0.9864281813571983
12,19,0.9998897153965988
5,11,0.9331322217487509
0,1,0.9481419958573414
14,19,0.9831761808231791
2,5,0.99732009615796
2,8,0.9803794472931641
1,9,0.9943630959405785
8,11,0.9953838633528983

Timestamp  37.0, total num  34: 
 13,18,0.9705884104822816
2,14,0.9963612521501669
15,17,0.9920543747998507
6,16,0.9010934434799439
5,14,0.9634823789880812
1,16,0.9940467209993933
13,16,0.9910052048059362
17,19,0.9747272865985519
12,19,0.9851405916164776
10,16,0.9430322846899635
1,9,0.9743943988189004
8,19,0.9995127450153489
1,10,0.9736674978117337
12,17,0.9986120105866038
1,4,0.9242239788561163
4,13,0.9890088216390195
2,11,0.983855479573742
9,10,0.999994846156697
8,15,0.949164611378701
6,10,0.9940277673801868
9,16,0.9440955798801828
4,16,0.960326237659587
8,17,0.9812253469661432
4,18,0.9955162128281394
1,6,0.9429744399965551
1,13,0.9705247996494668
8,12,0.990021463642861
16,18,0.9296408734640865
11,14,0.9955287538548455
6,9,0.9936722847329952
12,15,0.9840511006935937
15,19,0.9388767866709087
5,11,0.9844678595678756
2,5,0.9371541633298544

Timestamp  38.0, total num  26: 
 6,16,0.9731650743833422
4,10,0.9973265067778274
10,13,0.9754403805854907
1,4,0.9880345162850986
14,16,0.9909398398801834
9,16,0.9988564190524283
8,18,0.9254230322071613
1,13,0.9542077030205395
4,11,0.9823916074997835
3,9,0.9637751299679825
3,16,0.9499211146514492
7,17,0.9975282312322259
6,9,0.9610505734337407
11,13,0.9992398891590099
0,19,0.929514394665317
4,13,0.9889281356902458
8,15,0.9366042165816406
1,11,0.9418209510738041
6,14,0.9334430312499554
12,15,0.9988124851510823
8,12,0.9184210947595078
9,14,0.9962278948222206
1,10,0.996663460368503
3,14,0.9832840861906881
5,6,0.9095056014372217
10,11,0.9661124867499822

Timestamp  39.0, total num  24: 
 1,7,0.9445755172606995
13,17,0.977777710975802
0,12,0.9931500558692344
6,14,0.9646171460096872
5,9,0.9019120656700481
4,7,0.9138277211539985
6,13,0.9622664306417528
9,17,0.9249307853965724
6,9,0.947468573071472
3,18,0.9908340239356277
0,15,0.9999827702222327
8,19,0.9939987370446942
12,15,0.9938188530772162
5,6,0.9926823676322171
9,14,0.9982740663749732
1,4,0.9965002549781782
6,17,0.9979287820271954
14,17,0.9456587273636751
5,17,0.9983942706609326
7,16,0.9317223595579807
5,14,0.9257208759354094
5,13,0.9880833831088619
8,9,0.9215495832282851
2,11,0.9991150399515621

Timestamp  40.0, total num  30: 
 8,9,0.9913189858879329
4,11,0.9962421234296907
9,17,0.9972660429500334
5,15,0.981593164421459
0,2,0.9582996834354317
8,17,0.978893166270814
12,13,0.9668493427105047
4,10,0.9968552991149296
7,16,0.9973125979568231
10,11,0.9862458158879983
12,19,0.9149264504801911
9,14,0.9962644522252155
4,16,0.9279666548005603
14,19,0.9422477061336083
1,10,0.9928784034724837
9,19,0.9098062417488615
2,3,0.9949340872434892
0,3,0.9247172199925593
11,16,0.9567565637151656
17,19,0.9379876646039388
7,11,0.975497061725956
4,7,0.9527755539271932
8,14,0.9762620509590937
14,17,0.999921873188337
1,11,0.9595313875986068
13,19,0.9876595510665782
1,4,0.9803156618858568
7,10,0.9257150965376724
6,15,0.9941626969479997
5,6,0.9552578042604954

Timestamp  41.0, total num  25: 
 9,17,0.9716426050593849
10,12,0.9825736088915918
13,17,0.9817171723072614
4,14,0.9993756231467056
0,6,0.9870381170042872
3,15,0.9946528038481219
1,7,0.9750760767131357
12,19,0.98324145747229
9,13,0.9088702237204758
4,11,0.9587671034812625
11,13,0.9472894071328795
3,18,0.9336458873812754
9,14,0.9077720326810959
11,14,0.9481273108183516
14,17,0.9812140286363301
1,16,0.986143844987462
15,18,0.96564646185893
4,13,0.999279412410714
7,16,0.9247585755257108
8,17,0.9109005543453343
4,17,0.973785011896028
13,14,0.9999965532593464
8,9,0.9826369798228926
5,6,0.9321319046261125
10,19,0.999993419490134

Timestamp  42.0, total num  26: 
 4,9,0.9739309266169741
9,11,0.9144099544555807
1,7,0.9886602804665723
3,18,0.9481100464604462
16,17,0.9879612131431835
4,14,0.943313489550127
10,16,0.9124101988232708
1,9,0.9926829730767069
12,18,0.9898331346822289
11,16,0.9652422110738684
4,17,0.9562146822395242
1,4,0.9394131863459486
2,3,0.964457707368255
13,14,0.9544057445897681
9,13,0.9160744475138007
7,14,0.9868580382405112
1,13,0.9577931718724005
1,14,0.9999331650423008
10,19,0.9969605435427235
9,14,0.9940126612032727
4,11,0.9823964865512151
7,9,0.9632933006306238
7,13,0.9900994984856574
11,17,0.9940542572268781
5,13,0.9284492423557481
6,15,0.9929174344051442

Timestamp  43.0, total num  31: 
 6,7,0.9794657034343232
7,13,0.9660896120800047
11,19,0.9877860671203721
17,18,0.9141446727065277
3,14,0.9789753032366854
8,15,0.9887112473924518
16,18,0.9839638453883447
4,18,0.9857897766101946
10,18,0.9519723930849514
1,3,0.9818158703454157
0,10,0.9796971987745063
0,17,0.9954310069866406
5,9,0.9550866200192513
0,16,0.9448352830913765
4,16,0.9400185829715738
6,13,0.9983089774057569
2,3,0.9452774816929432
16,17,0.9717935818548322
5,7,0.9809384709095303
3,12,0.9854207841169437
1,12,0.9997994409982758
0,9,0.9608789201078636
1,2,0.9900256561777598
10,16,0.991319827764962
12,14,0.9994065221124797
2,12,0.9870055602548541
1,14,0.9998959519233721
5,6,0.9216188519025954
2,14,0.9919549665811566
10,17,0.99436379154819
9,17,0.9300427064923136

Timestamp  44.0, total num  33: 
 11,13,0.9742482306713574
8,12,0.9234240479504093
6,11,0.9702619515950441
3,14,0.9654694361533381
7,18,0.9310351843473468
17,18,0.9055688344876669
5,16,0.9782888301590561
2,8,0.9983692476891701
7,19,0.9019856083410986
0,10,0.994133748958919
16,17,0.9275554551658697
3,8,0.9994282460827725
3,12,0.9099200655082774
8,14,0.9561091177060234
6,13,0.9998546199728534
2,12,0.9438268208465984
1,14,0.9827328425131429
7,16,0.9095254858325926
10,19,0.912882730289878
2,14,0.9378230365491649
1,3,0.9005951416025422
0,16,0.9406587361757999
0,5,0.990565744468161
0,18,0.9579196362313757
5,10,0.9699330850614799
7,10,0.9996634617968372
5,7,0.9759201019694849
16,18,0.9984824715538554
10,18,0.9212550266099085
4,9,0.9999906892246095
0,7,0.9966049616795314
5,18,0.9882173866469296
2,3,0.9958682837384794

Timestamp  45.0, total num  26: 
 0,6,0.9983433900563059
1,13,0.9999200594215757
17,18,0.9824993545726948
11,14,0.9999910841052668
5,13,0.9230387011893474
4,9,0.9999996623286288
7,10,0.927710702769192
3,14,0.9597177351395954
7,19,0.9755684547030162
11,19,0.9882023647922892
16,18,0.9999490154829498
14,19,0.9875468222025232
5,18,0.9439697483051589
3,19,0.9035631247363434
7,11,0.9304118264530794
0,10,0.9299984905280109
16,17,0.9843301470332467
5,16,0.9405890092222321
2,14,0.9175745131591015
2,3,0.9923144403637358
6,10,0.9073094524905908
7,14,0.9288558223854148
3,11,0.9585227263290647
8,15,0.9960499179458325
1,5,0.9278292108820532
2,11,0.915887515074376

Timestamp  46.0, total num  23: 
 0,7,0.9958195584847865
2,11,0.9629417848136915
16,18,0.9874940814432633
3,10,0.9395039508174984
12,14,0.9184714443341576
2,7,0.999000961575947
3,11,0.9351397335409362
1,14,0.9950381026772375
13,19,0.9935322210564068
2,13,0.9119461537533438
5,9,0.9981721426347687
1,4,0.921227768457948
0,11,0.99064138747888
8,16,0.9267190474806543
2,19,0.9526387992064475
7,19,0.9380970623444901
5,17,0.9622289213959685
9,17,0.9769229917913436
6,12,0.9948086776324697
7,11,0.9740327245733007
0,2,0.9907427311628313
8,18,0.9743696316314727
0,19,0.9025369593159273

Timestamp  47.0, total num  23: 
 5,8,0.9427753844347345
10,17,0.9883043285438284
2,3,0.9563139637099798
4,14,0.9846997520564144
2,7,0.9907816507862077
1,8,0.9835128984312622
8,15,0.9856666060909481
15,16,0.9715506176621223
7,10,0.9413926339960386
3,11,0.9477595963945563
1,15,0.999924074776229
3,7,0.987101410201267
3,17,0.9439608230650479
7,11,0.9866032127704888
4,18,0.9690747157201822
5,13,0.97731993935965
3,10,0.9832525035779723
0,9,0.989195212628782
12,17,0.901533619841703
1,16,0.974395221315036
8,16,0.9176702818452517
14,18,0.9972492298247608
2,11,0.9996084623929655

Timestamp  48.0, total num  23: 
 0,16,0.950865585597245
5,19,0.9679776729846081
11,13,0.9490289974200469
16,19,0.9861582160098257
0,1,0.9892817955509485
2,6,0.9819942073959771
6,14,0.9663827965677632
9,11,0.9517253078443844
10,17,0.9999531626411665
1,5,0.9308204306206183
10,12,0.9998192690594795
8,19,0.9167818166765682
3,11,0.9118409488203044
5,16,0.9962027200412419
2,14,0.9004118573337796
3,7,0.9927455066267353
9,13,0.9999624348057998
10,14,0.9034742830306336
8,15,0.9665097923622749
7,11,0.9545875556410427
12,17,0.9999564401303136
3,18,0.9249725931975817
0,5,0.9742102464707765

Timestamp  49.0, total num  31: 
 1,14,0.9772677331386715
3,13,0.9228604731131387
4,15,0.9874619020244978
14,18,0.9721170354784534
4,19,0.970148313161945
2,10,0.94387796301392
2,17,0.9542630292752968
3,9,0.9463475701604744
0,5,0.9341310770040588
10,12,0.9695373876597954
12,17,0.9609267249186786
15,19,0.9962668966294459
3,7,0.9536373605911778
6,18,0.9456850149258722
8,16,0.9534864239638027
10,17,0.9994554143073285
7,11,0.9400955125278844
11,13,0.9382828298102543
5,8,0.9962532363322021
9,11,0.9318762146508717
5,16,0.9759833353520527
7,18,0.9104560773172765
0,16,0.9894518821191405
1,6,0.9929005817569795
1,18,0.9003033272449198
9,18,0.919868463806928
6,14,0.9955475654796262
3,11,0.999110185620126
0,1,0.9516843641271645
0,6,0.9084018978585782
7,9,0.9997271773519469

Timestamp  50.0, total num  28: 
 13,14,0.9547004149218187
9,14,0.978687273366115
0,1,0.9353749351209989
0,14,0.9700640220453975
0,6,0.9998935847004746
11,16,0.9300976242280687
0,9,0.9992599574281302
12,17,0.9983725473149695
7,8,0.9923766833967083
8,11,0.975554188546012
6,14,0.9735035576293407
10,12,0.9639743722333075
8,16,0.9880808477968139
6,9,0.9997147573110509
8,18,0.9497934557135751
7,11,0.9952007063071877
5,8,0.9301141526270951
1,14,0.9932590912488927
7,16,0.9615770808820105
7,18,0.9811124486637608
1,6,0.9404346701874957
5,16,0.9755640768827708
3,5,0.9055205497621962
10,17,0.9775748690982868
11,18,0.995332657162853
1,9,0.9482860730409356
1,13,0.982757655844745
2,4,0.9859811226028611

Timestamp  51.0, total num  18: 
 16,18,0.945072774842937
4,13,0.9690276856156413
2,9,0.9136617079957003
11,12,0.9996009729038678
15,18,0.9787158821621703
10,17,0.9781434661017478
8,11,0.9997195927735354
1,9,0.9929441327818036
3,18,0.9689891496448322
13,14,0.9496124925396152
8,12,0.9986517917073866
7,12,0.9052987057849881
0,13,0.9176576294702269
3,16,0.996533436953349
15,17,0.9702116367849485
0,14,0.9959660155666037
1,2,0.9554161458864254
2,6,0.9811721628110899

Timestamp  52.0, total num  27: 
 15,16,0.9121815350668492
2,5,0.9693064106901461
3,18,0.9017955419539692
12,14,0.9999996563946374
8,12,0.9792998828058264
3,5,0.9245478002553135
0,11,0.9839584654011214
1,7,0.9398545168567596
0,4,0.998032813363993
5,17,0.9989387468534798
10,18,0.9814504464535004
2,10,0.9224081912664002
8,9,0.9108252116366745
3,15,0.9129549795917555
4,11,0.9708384188700162
2,3,0.9898574242633499
8,19,0.9628643355874953
11,13,0.9140427623631259
9,19,0.988449108940945
5,15,0.9995684596769004
2,15,0.9616660854197819
3,17,0.9411179312185856
2,17,0.9796014669280544
6,18,0.944042302155287
3,10,0.9679201821463067
8,14,0.9791317481784984
15,17,0.9971546948098923

Timestamp  53.0, total num  27: 
 0,7,0.9993281542875133
1,10,0.9276597217095772
6,10,0.9725824847054432
6,15,0.9960310758167105
6,18,0.9999224822755008
12,14,0.9888019907447827
11,16,0.9226064625597548
0,5,0.9997485805644277
10,18,0.9696114912932015
7,11,0.9690278467934758
15,18,0.9948456428038435
4,7,0.9997077461632085
5,11,0.9819191416683415
5,7,0.9982551079279859
2,15,0.9345756400196592
14,19,0.9998708314205382
10,15,0.9894214891159051
1,17,0.9606630040509766
0,4,0.9999221099978949
12,19,0.9862757361440833
4,11,0.9747146539324001
0,11,0.9774276403532092
13,16,0.9834105629581534
2,18,0.9658333507706703
4,5,0.9993908542108839
2,6,0.9625316103519754
3,17,0.9547762919299873

Timestamp  54.0, total num  20: 
 3,5,0.9997733179124997
1,11,0.9745190652999562
1,18,0.9191084318721918
3,13,0.9743347191745995
2,16,0.9607568137761044
2,8,0.9630854072202266
7,17,0.9265091131181328
14,19,0.9700491760415317
9,14,0.9655157060698548
10,12,0.9811666243509919
0,7,0.9736077782901711
2,6,0.9732837193110097
12,18,0.959240816475344
16,17,0.928378632223154
0,4,0.9999953055520752
6,8,0.9991643024978314
4,7,0.9743025264536015
14,15,0.9478339721835003
5,13,0.9693211312969581
9,19,0.9998377133649234

Timestamp  55.0, total num  24: 
 7,8,0.9805831028064299
2,6,0.9773411293883719
3,9,0.9942480233267759
9,19,0.9312311194064764
9,13,0.9640254135401812
12,14,0.9543389715246516
5,15,0.9769669508099788
3,15,0.9511371982636257
9,15,0.9787360535367249
7,17,0.9103697754871309
15,19,0.9861825301203305
1,11,0.9334394507084114
13,16,0.9151184264185873
0,17,0.999968319795918
0,7,0.9070471781714412
5,13,0.9662381352272451
1,18,0.9594333526531912
11,12,0.9766018163739364
5,19,0.9281169379462507
3,13,0.9869491905898272
2,4,0.9048168924954425
3,5,0.9951179397699285
5,9,0.9999642638659002
4,8,0.9146599926774718

Timestamp  56.0, total num  27: 
 0,10,0.9120471265429734
1,11,0.987948876562593
11,18,0.9380124998374245
9,16,0.9985594870968899
9,13,0.9817356349566816
1,15,0.9992473420679538
0,14,0.9972935004155778
2,8,0.9943057371385224
1,5,0.9041087668212899
15,19,0.9742325826575264
5,19,0.9682147370345938
3,13,0.97907451654481
5,18,0.9976994870367845
5,11,0.959351338487433
13,16,0.9905294697970876
7,14,0.9344128084162774
10,14,0.9397294990916893
3,9,0.9224760309427612
4,6,0.9609460880119072
3,12,0.9188545440383062
1,19,0.9822484854194943
11,15,0.9812011815192763
0,7,0.9056954170343213
3,16,0.9418612691511483
18,19,0.9490312231998603
11,19,0.9994457058346039
7,10,0.9998840050875388

Timestamp  57.0, total num  33: 
 7,13,0.9211888340970463
6,15,0.9175295923986121
1,17,0.9567524887391692
1,6,0.949179865472343
8,15,0.986310689313251
9,14,0.932226949633339
1,2,0.9999880249186767
2,6,0.9476282291786272
6,19,0.9619849625631613
17,19,0.9431771985449794
9,13,0.957876412721279
4,19,0.9320856729817939
3,14,0.995106299090069
5,18,0.9978247140373149
11,19,0.9167305687245124
2,19,0.9988263410163432
0,13,0.9292586100179849
12,16,0.9997828572452753
2,11,0.9350046779827162
11,17,0.9973913037978389
1,4,0.9469755933486784
1,11,0.9332579397656888
1,19,0.9990514144174066
4,17,0.9994900563594519
3,9,0.9634217649322072
2,17,0.9581646756778106
0,7,0.9997736709602072
3,10,0.9704906468310792
2,4,0.9485366824233159
4,11,0.9991876539037738
9,10,0.9996145279432482
10,14,0.9419143887626102
10,13,0.9495341204883238

Timestamp  58.0, total num  33: 
 1,8,0.9603715865868571
10,14,0.9740057389743602
7,14,0.935229986703985
12,16,0.9841768731361619
6,15,0.9978686534427468
5,16,0.9877633828164993
11,14,0.9503976661230525
2,8,0.9661685667600052
15,19,0.9613746888799453
1,17,0.9792515895144878
6,8,0.9852303562156804
1,15,0.9251957272648685
0,3,0.9374680373926293
4,11,0.9776947307041142
4,16,0.9366731913634794
4,12,0.9839044547482942
13,17,0.9410890675082453
0,13,0.9938369873721681
4,10,0.9555182569568791
7,9,0.9914256320154696
1,2,0.9997666401295939
2,6,0.9077353500686506
8,15,0.9943042907638083
10,11,0.9961500140630523
2,17,0.9746453748411021
17,19,0.9509621812539544
6,19,0.9413648205879072
2,19,0.9960599834966996
8,19,0.985233964888523
11,12,0.9244266434785989
5,12,0.9444995196887953
1,19,0.9939117942705841
2,15,0.9331777383914157

Timestamp  59.0, total num  25: 
 5,12,0.9979826012922395
3,8,0.9105669316132503
0,2,0.9829509557371179
1,2,0.9066292508930157
5,18,0.9360188281544461
2,3,0.9345519293283508
1,17,0.9660987750936654
10,16,0.9981169038219282
7,19,0.9396375806845388
3,19,0.9619835733696153
12,18,0.9564751059545139
8,15,0.9744665802060054
4,6,0.9138928599924824
10,11,0.9176965715827633
0,15,0.9397017463930953
7,9,0.9896428258108326
2,15,0.9865626580226221
0,8,0.9924969860980045
1,8,0.9311556265995008
3,15,0.9801302084039799
2,8,0.9980572281746457
0,1,0.9687511557853168
4,14,0.9990724864948911
11,16,0.9403379039129935
9,19,0.9790248504636417

Timestamp  60.0, total num  33: 
 11,15,0.9908823275005937
5,12,0.9986503807696074
13,14,0.9999994450042085
4,6,0.9984069549119207
9,12,0.9167405598287872
3,5,0.9130944687298997
5,7,0.9939022690935697
1,10,0.954709858820315
5,9,0.9362511282961923
1,17,0.9472223538913189
7,12,0.9982876542817157
4,17,0.9321999257492485
0,16,0.9978830848753834
2,15,0.9941160721113573
9,18,0.9258851127819121
6,17,0.951136834858081
2,8,0.96530685294061
1,6,0.9999226284616114
2,11,0.970458069659105
12,18,0.9997232226127198
10,17,0.9997065723842034
0,19,0.9182657573216647
7,19,0.9156779033321047
8,11,0.9997897550776883
5,18,0.9995958449289015
1,4,0.9990315710277747
4,10,0.9406938717570419
16,19,0.9420728113697967
8,15,0.9879113886447172
3,18,0.9011340061798856
3,9,0.9981404698449629
7,18,0.9966351716744739
6,10,0.958337171410803

Timestamp  61.0, total num  32: 
 0,18,0.9662044651121341
1,6,0.9999571611275251
9,10,0.9862339567089461
8,17,0.9991757455212571
1,10,0.9997303298817266
5,12,0.930152632515242
0,13,0.9176417468820584
13,18,0.9890723206631209
14,16,0.9726746496001576
6,11,0.9325736345379936
1,9,0.9821280813587492
13,14,0.9997507144415542
13,16,0.977615962184223
3,7,0.9344925200099605
14,18,0.9921175009116239
6,9,0.9803438770984446
16,18,0.9359137698518881
18,19,0.9818079391344684
1,11,0.9291924088163113
0,14,0.9262860596665939
10,11,0.9203590171960536
16,19,0.985767698126038
6,10,0.9994725555101668
3,4,0.9491178251618883
2,8,0.9138065103754855
2,17,0.9295403298424841
15,17,0.9343903762523101
7,12,0.9968052310557237
14,19,0.9978624946037057
13,19,0.9990728010399932
8,15,0.9480816554481443
3,12,0.9030744337381374

Timestamp  62.0, total num  25: 
 16,19,0.9966690757759195
5,18,0.9583156517822193
11,15,0.9996200088353235
1,19,0.9694334519806558
13,14,0.9995131969896582
0,5,0.9980474802854452
1,11,0.9276845979168598
1,10,0.9032252313035299
17,18,0.9411198539157072
16,18,0.9312254150995583
6,9,0.9637241537473832
16,17,0.9996033451815972
10,15,0.9960859614612695
1,16,0.946195163348738
2,14,0.9673479885895632
8,9,0.9930602952839723
17,19,0.9939769922284636
6,8,0.9884253554417224
1,17,0.9367064144888315
3,12,0.960275156547398
1,15,0.937623946149609
2,13,0.9589696694012713
0,18,0.9742900113244388
10,11,0.9981439364991809
4,7,0.9918359766618695

Timestamp  63.0, total num  32: 
 10,17,0.9300924616563924
1,19,0.9816667367076023
1,17,0.9528102714479038
0,19,0.9009474904137121
11,17,0.9646250717236867
0,16,0.9951195176285773
5,11,0.9750373441464995
1,15,0.9165013819072672
0,7,0.9500747281713922
4,8,0.994704594244281
1,7,0.9481902716247752
2,12,0.9392733299927156
3,14,0.9871337147911834
15,19,0.9759470881492479
1,11,0.9991325707539827
16,18,0.9549636690055227
5,10,0.9134947979089305
0,15,0.9738766770443398
6,17,0.984818251757541
7,11,0.9341378041704164
5,17,0.9990811490695487
6,11,0.9042179664901052
1,5,0.9649452065355865
3,13,0.901543697517737
0,18,0.9210232818246705
7,16,0.9146484730814514
5,6,0.9764735892040622
7,15,0.9961089161656703
7,19,0.9913627605063429
15,16,0.9467163621785953
11,19,0.9728779060657888
6,10,0.9797355584201172

Timestamp  64.0, total num  34: 
 10,16,0.9364912973673243
8,11,0.9108630423832165
10,17,0.9709097184343919
11,19,0.9869947670161892
15,16,0.994862954746627
7,16,0.9998423005164004
8,16,0.9535341648259518
4,5,0.9856649023565577
6,19,0.9775494661111652
1,3,0.9859114587231221
5,14,0.9487655176753391
9,18,0.9028625742780093
8,10,0.9986342984131963
10,11,0.9311810364162671
6,8,0.930660776250675
7,15,0.9929083280316913
7,10,0.930115773754095
12,18,0.9989383546268432
2,9,0.9999800160503285
15,17,0.9998858616368205
10,15,0.967181257005862
8,15,0.9791351683487717
0,3,0.9933136195866212
9,13,0.961156725063347
2,13,0.9593926293316405
1,14,0.9522118043138192
7,8,0.9480333419945399
6,10,0.9485053324101377
7,17,0.9909988747301052
16,17,0.99321996550172
6,11,0.9987077087018112
8,17,0.9820935897484241
2,18,0.9055625380672134
0,1,0.9600086554174522

Timestamp  65.0, total num  23: 
 16,17,0.9930648985276636
0,13,0.9631466899121146
9,13,0.9999543618815595
9,19,0.9781182046746973
0,9,0.9605329975539091
15,16,0.9875573729253938
8,16,0.9999497284624761
8,15,0.9859308909834763
3,4,0.997789752221292
10,11,0.9615458872461982
13,19,0.9760859079193861
8,17,0.9941938234731594
7,15,0.9984973978556902
15,17,0.9622200056317818
6,11,0.9545954048157453
2,18,0.938276319047684
12,18,0.994049776530896
1,14,0.9741596390953654
7,17,0.9458538362573324
6,19,0.9691108063091235
7,8,0.9752895623036633
7,16,0.9774558007584069
1,4,0.9082651020823246

Timestamp  66.0, total num  27: 
 4,12,0.9790710131907636
10,17,0.9961439497848293
9,13,0.955275886044789
9,10,0.9972123997184807
8,15,0.9998921381713493
10,13,0.9305480430678803
0,16,0.9865597495899745
9,17,0.9999133796599767
7,19,0.948261781118215
8,14,0.9657384262411872
3,4,0.9060969945402156
7,11,0.948283223702404
13,17,0.9590852974355395
7,13,0.904024375156613
1,2,0.944029302426543
13,19,0.9929724727833218
1,18,0.9999355200024485
11,16,0.9615627889927156
14,15,0.9694458281164381
2,18,0.9402225651705998
6,8,0.9994402350039998
9,19,0.9135659814496311
6,14,0.9565157633443158
17,19,0.9188396306936134
0,11,0.9037716788648339
3,5,0.995121643498405
6,15,0.9988410798215918

Timestamp  67.0, total num  21: 
 0,10,0.9654779596980648
1,9,0.9830719358502785
11,16,0.9978368518183311
3,4,0.9602974256635612
0,19,0.9585019917587304
4,15,0.970129663312053
5,6,0.9999882180257732
10,19,0.9996730615154192
11,19,0.9408246492471922
7,17,0.9997679776267545
10,11,0.931851907349474
2,17,0.9995741230033226
10,16,0.9059835083334897
8,12,0.9817909146974384
5,15,0.9742355780573837
13,16,0.9731308178635625
8,14,0.9587084114912852
2,7,0.998713612171743
11,13,0.9558891925954589
16,19,0.9165109666846862
6,15,0.9753188937214752

Timestamp  68.0, total num  30: 
 4,10,0.9456944856283596
16,17,0.9233968902636825
6,13,0.9566451911044587
3,15,0.9090160342638347
5,6,0.9994197501914991
8,12,0.9239334133233025
9,14,0.9000986957405372
6,10,0.995684446764647
5,10,0.9919457070858315
0,3,0.9991910157727103
16,18,0.9074661030973826
9,12,0.985503775866794
4,15,0.9846558907841
5,15,0.9603137381203901
16,19,0.9974062853175341
4,6,0.9114468921257498
1,8,0.990645624880075
0,4,0.9771366907681326
1,9,0.996373234718275
3,4,0.9677958294970013
10,15,0.9879084155664857
17,18,0.9992150314156343
1,12,0.9674937004284647
6,15,0.9692569269650457
5,13,0.9660106118123948
0,15,0.9250410551327026
8,9,0.9754413756811052
10,13,0.9254871854827591
7,11,0.9689648502276507
12,14,0.960966324355025

Timestamp  69.0, total num  28: 
 1,19,0.9983793872551556
12,14,0.9188982599916797
18,19,0.9966500153664557
9,12,0.9588366090862465
3,7,0.9893899074750656
5,10,0.9719626572185806
6,15,0.9692911324842477
5,11,0.9720439426413404
7,13,0.9338262839022745
0,4,0.9038085768299391
6,10,0.9783402237091893
14,17,0.9782157503453418
10,11,0.999999940161447
9,16,0.958911252098666
14,16,0.9190019735118021
16,17,0.9808254914467618
9,14,0.9930933355251808
2,13,0.9975333356172119
2,7,0.9566332426457422
12,16,0.9999999654200217
6,11,0.9784117767055969
5,15,0.9759807573514525
3,4,0.9468409139584583
12,17,0.9807742053217189
1,18,0.9996890952453271
5,6,0.9995839623373048
9,17,0.9958155515035856
2,3,0.9041625864211669

Timestamp  70.0, total num  25: 
 15,18,0.9088456669676748
0,2,0.9020762334313105
8,15,0.9572333098151998
16,17,0.9983005716514061
12,16,0.9972610166944496
10,11,0.9033382018690871
8,18,0.9906609263855768
9,17,0.9848240976876894
1,8,0.9993541520651177
2,3,0.948671146735625
9,16,0.9730365258485942
9,12,0.9533118442155688
0,3,0.9922659699133473
12,17,0.9912560776062075
5,19,0.9842286668752802
9,14,0.9753044605947749
6,10,0.9892636256694469
1,15,0.9462186553467686
2,13,0.9940672481569927
1,18,0.9949207091860781
6,11,0.9563241600425326
0,13,0.9436658355512317
3,13,0.9774420930632963
2,11,0.9346200051669878
14,17,0.9221710640366231

Timestamp  71.0, total num  21: 
 12,14,0.9172729919561418
2,19,0.9226540373152909
9,14,0.9998535197411927
6,15,0.9831854281553609
11,19,0.9865663790769541
13,15,0.9624505098833552
2,11,0.9732561065665212
6,13,0.9958381187853743
4,17,0.9446103694600367
15,19,0.9052235464030657
1,10,0.9574659631054261
7,18,0.999934528635124
4,16,0.96612345921749
8,13,0.9930418032230015
8,15,0.9877210355257499
6,8,0.9996417063412955
0,3,0.9969828946584756
9,12,0.9103222419547257
5,10,0.9862046827808623
16,17,0.997310636303785
1,5,0.9920205990570913

Timestamp  72.0, total num  22: 
 15,19,0.9597220323254952
4,5,0.9967333969879218
10,16,0.971869119924441
8,11,0.9857433078569684
0,8,0.9333514446372769
2,17,0.9992367312148089
1,16,0.9183785129018655
11,19,0.9468553514358705
8,10,0.9075325929757786
6,13,0.9873038328637318
8,16,0.9809176451876821
4,9,0.9996095950328826
1,10,0.9857403248455878
0,11,0.9804428230023059
15,16,0.9181434671523369
11,15,0.9990886376664521
11,16,0.9342200224107332
5,9,0.9940877509235543
3,7,0.9824130892591355
0,15,0.9879496037648069
0,19,0.9916414895744966
8,15,0.9776631518314404

Timestamp  73.0, total num  25: 
 0,11,0.9795792631582372
2,9,0.9515102776943367
17,18,0.9042812786479418
6,10,0.928171156498714
15,19,0.9610545196659277
3,7,0.996116223768332
0,8,0.905365197886106
2,12,0.92396857623694
1,10,0.9514843280719877
3,6,0.912951973118798
7,10,0.991924808255544
13,14,0.9518480661448553
9,12,0.9968193586569148
1,7,0.9047764902078822
1,3,0.9387610597680572
1,18,0.9621872959736851
7,15,0.9002830039489914
16,19,0.9998192163045514
8,16,0.9647261111723732
1,6,0.9976509347557748
8,19,0.9595461443478245
5,17,0.9992664136497447
3,10,0.9992393013826344
6,18,0.9785864021242079
15,16,0.9556260713768171

Timestamp  74.0, total num  31: 
 12,17,0.9955974307694807
10,12,0.9651824221912215
11,14,0.9995774309886334
4,5,0.9857656326271371
10,17,0.9854514354240645
7,15,0.950827675540724
3,7,0.9844628247894702
5,18,0.9980093527201069
3,17,0.974191122359981
2,11,0.9757350771027344
9,15,0.9414138479016191
13,16,0.9557014412274822
3,12,0.9487444655016678
13,15,0.9457270694065945
15,19,0.9804660697323726
7,17,0.9194192314761414
7,10,0.972883600042633
0,8,0.9998726005837705
0,11,0.9083477628154645
7,9,0.9995766525756203
4,18,0.9732003152237934
9,17,0.9304724237274989
3,10,0.9983815966057341
3,9,0.989154926790289
13,19,0.9911695277371528
1,6,0.9762122499959761
4,6,0.955305422785626
9,10,0.9792012545726805
16,19,0.9082327205026078
2,14,0.9816873709925371
8,11,0.9015565186419802

Timestamp  75.0, total num  25: 
 7,18,0.9254454580602722
2,11,0.9974526634334862
7,15,0.940359333932667
4,18,0.9804579552828929
3,7,0.9961094248897804
5,6,0.9702089662843038
1,5,0.9233690999182145
1,6,0.988871529976407
5,10,0.9944438441836762
7,13,0.9976206695254718
17,19,0.9999798318503262
0,8,0.9985202083004104
1,10,0.958652676205793
15,19,0.9584414665301688
4,5,0.9883772933947478
4,6,0.9221024910739464
3,15,0.9067221917397088
3,18,0.9552338143048862
13,15,0.9615747903746249
9,12,0.9979064297450972
5,18,0.9391555179223314
6,10,0.9903216732702481
15,17,0.9566102489895899
4,10,0.9668827245660767
3,13,0.9876638381659132

Timestamp  76.0, total num  33: 
 16,17,0.9894479175983751
16,19,0.9646574372506783
3,13,0.9871599818303665
15,19,0.9755147427458639
3,4,0.9917938423608663
15,16,0.9989917510891624
10,18,0.9388166634921367
5,18,0.9496070419070106
7,15,0.9825827638036972
0,12,0.9762131666525194
7,17,0.9589831236699
7,13,0.9987247428124434
3,18,0.9290513924252877
3,15,0.9218992962166938
0,9,0.9984059048792853
6,10,0.9374398403109824
7,16,0.9899345460320356
13,17,0.9434491062731402
3,7,0.9778366514527859
9,12,0.986894249729228
4,18,0.9687247075770489
13,16,0.9815269730245467
5,6,0.9255178541944578
17,19,0.9926575792676802
6,11,0.9943882876032305
15,17,0.9949549701342353
1,2,0.9973796250126252
5,10,0.9994620780390651
13,15,0.971948036934585
3,16,0.9383630995284087
7,19,0.9176546195785212
4,13,0.9586375166146182
4,7,0.9430450418564175

Timestamp  77.0, total num  35: 
 10,13,0.9898219728205544
3,16,0.945657486868578
16,17,0.9946366929357254
11,16,0.997950977601993
3,17,0.974217526432582
1,9,0.9581131486049732
16,19,0.9294281432603178
15,18,0.9723128656541705
0,12,0.978934463653077
6,17,0.9198935254620484
9,12,0.9314052689123634
10,15,0.9449519766634991
3,6,0.9846537586308729
5,7,0.990455591598561
7,15,0.9847051590022257
4,5,0.9063440568279064
4,6,0.9811101355169708
5,15,0.999321102928488
5,18,0.9630434195242427
11,17,0.9992164655902652
3,4,0.9322930300109659
11,19,0.9039137319942296
6,11,0.9036513416078402
1,14,0.9629185703827726
7,13,0.9550340567065785
5,13,0.9050521026598235
7,18,0.916727155784465
4,18,0.9866583476656335
12,14,0.9249770389996247
6,18,0.9365259750202352
9,14,0.9998507114343802
5,10,0.9563654885536086
3,11,0.9645248662418663
4,15,0.9212959801719734
7,10,0.9875083969065448

Timestamp  78.0, total num  35: 
 0,15,0.9970094736585149
9,14,0.9491841971815118
3,11,0.9902427792286242
15,16,0.906429414130368
6,18,0.9646140831385496
4,11,0.9990277844992401
4,16,0.9817692573811712
3,19,0.9960715988964457
3,4,0.9954234213690917
1,14,0.9050077670499312
16,17,0.9769295346821063
8,10,0.9173910545516821
12,14,0.9292284344100236
5,16,0.9071268010690702
0,5,0.9968802807621294
5,15,0.9999986319532929
7,12,0.9697269487552306
14,18,0.9293056503857291
7,13,0.9889112758510953
4,19,0.9999752121781165
1,13,0.9444682085634122
17,19,0.9995189077650346
16,19,0.9830832422151591
3,17,0.9928459389698
9,18,0.9983123630683189
6,14,0.9937961501826995
1,7,0.9827952541967684
3,16,0.9954403317985713
1,12,0.9981448744839108
11,16,0.9724352409338523
11,19,0.9986926204454905
11,17,0.9997976007186706
4,17,0.9997125096355424
12,13,0.9227095884486188
6,9,0.9782979225877523

Timestamp  79.0, total num  30: 
 13,14,0.9990404450221253
0,19,0.9440510046759051
3,11,0.9872953280105062
8,16,0.9602993601716157
0,16,0.9810859142167419
3,17,0.9999133905305295
6,7,0.9997142044986073
6,14,0.9400929733121012
10,16,0.9573985775618448
0,5,0.9158930307496475
4,10,0.9079361636663126
5,8,0.947603176106739
1,14,0.9315772293941582
15,16,0.9134951721528879
4,15,0.9534249631062574
7,14,0.9316742200541861
2,5,0.9114820107776025
12,14,0.9540768551714165
10,15,0.9920648228759519
1,9,0.9927213988286804
7,13,0.9466915017167918
0,8,0.996137484328434
5,19,0.99703864214435
1,13,0.9147611659945941
8,19,0.9693633771686345
12,13,0.966281321196483
6,12,0.9990470563671948
11,17,0.9851185916932752
6,13,0.9541221424053296
7,12,0.9977181189356664

