4.752941388126627,9.968362668472054,16.130529416385528,93.0448916355339,61.94031052561299,86.56138169093025,48.11011020474398,51.02852556846415,37.53922984441329,77.45892321506201,61.96785679393258,73.88324901173819,79.23484818546123,78.42619376443174,15.790989785179166,44.4390319788284,11.987016590908217,67.27073524071324,55.937091185067956,61.46736017265082,
8.032594510638598,12.919537107568317,12.023093394628845,49.02416504467705,42.623758908182715,36.9793666973535,87.34781954038135,29.642866553551393,21.03794489170523,88.5198707904756,72.8524311416092,65.98262893296784,91.13306383593351,97.95214246686041,3.990118803969245,68.99397200798144,35.359182592358266,56.66055986112594,34.96303998116852,29.74590424846336,
6.821585138199534,9.741389437048804,14.189078184153187,56.765774150032236,81.76908764416726,51.71859221519684,32.366084582524365,91.07504537430019,27.615808190615134,7.102273061628983,61.09751398391789,27.0612956500207,16.640211568008002,23.29189163035722,77.08472361703087,88.90868876671838,58.910222631023935,89.17294122386485,44.34283530280795,99.51626514537838,
4.644408329804424,10.755685017942978,15.68135750805085,31.665405498542942,40.44916710370753,0.7940009826079786,79.84323623906799,49.65481999062828,57.91598537021086,86.7586803720089,65.75448612465294,33.70353022842198,63.71631652836148,4.896526556641101,42.13426261845415,29.12924085797731,92.50695669023172,63.06507373693958,46.56045465783121,77.64159467500667,
4.27362169083887,11.736303593449305,12.786308643597364,69.04684794408999,76.99407884951682,75.72607134590824,99.44094757607488,98.24245530476836,78.9986775576641,57.251046400506254,78.42272537253619,24.58717400997722,96.03425309520675,86.50348147631045,62.53159777143451,8.564290251295613,26.48369856889864,84.79497661364096,1.2720802684071386,44.112552205204636,
5.915766559147061,10.325841960299524,13.709575358949946,14.081560390173154,51.382679706255395,11.845750943739109,45.227872692113046,70.97522570771571,12.524147759496929,51.06108616001313,62.111239518923064,85.47907158932433,14.57640067450029,78.99500037216663,59.59864721816152,11.224132776693274,85.90367762001947,94.40593702655072,83.62319038663735,85.82223380397693,
6.1579245957826405,9.548036858278504,12.618186528258155,25.41446009365159,56.72741206545828,14.030058592764139,9.79250724107672,72.80670097479214,25.67899135779991,40.64635536669798,7.433682496088068,27.723109793543856,97.01910707287303,38.74318742408571,70.86661449412307,21.79045089047125,92.67230923967738,16.189152129006956,68.9334637525927,0.5732050985739034,
5.342300881039382,12.007465857659463,15.283076445854324,40.3114882283219,6.297746831899409,92.95146081446691,97.58642595923436,57.97073897830387,6.513735864531456,31.904076286648596,82.46307793688942,69.79423812973722,7.920709287781024,37.40754079068951,29.27725115766546,15.756525766475116,57.99077656100842,66.21940737900229,84.02109204389622,95.1478157592437,
8.873134085182674,8.743967269708728,14.54359934424094,51.976547492147226,51.89101328173017,42.06870051972257,74.21479340758675,7.959238459013129,43.34815407015918,98.07429436934704,53.37327837814261,65.5738317587727,21.342109558612556,64.54548527728353,88.96741541417175,93.98476073208813,46.87659325169089,18.378164054540747,27.488917744865205,66.6050043378181,
8.453402685838865,10.991440323933922,15.949411265172932,40.64240537173905,9.847579875177704,86.85624621151712,31.69187649839905,56.184597431194874,19.01393781356847,55.208431927006586,76.92006881062599,85.20885979433083,79.26724477322773,36.915856732178995,87.84988839974217,79.36030519788444,28.841088692967176,78.62297645728663,66.47055460097744,49.423828029453055,
7.3982071489699,11.279169081345621,16.225138158154458,59.12222354059524,24.62069529990456,17.164109059567913,96.10500261873909,31.20498879824023,74.9426559621753,75.3489139610682,92.86550913938119,44.749294805100824,44.05404100871456,98.99993715525169,4.879286803958715,49.17667323043548,54.302081702122784,43.531674359422865,25.635423930323554,32.69600407385113,
4.977373845729384,12.408535955473727,14.649534926687235,60.7153776333958,6.549526395575511,71.11928290123363,93.68126159398005,43.2224977876164,97.47024260709341,6.7099938500593925,74.62495304626428,99.21526286155304,91.1347000198693,88.03404894869504,40.692606337208915,60.971237686922905,74.92329794178045,23.544298792454043,95.67745700810109,1.2767370730774052,
8.201739345647844,8.838969236468651,15.04337855209022,72.69329300675668,40.34724625189023,74.62457015656899,83.92697363949353,19.521265226618922,29.21747050559538,21.419466747114523,29.716955735014594,60.32745022646162,29.297493889741865,3.742342485696415,24.239804303112734,41.73552222144126,57.81026920285651,93.84527542892435,3.062988076590689,32.635194879534325,
5.585739567993731,9.924195462685248,13.819130813268979,62.04801738760415,73.80428117959465,54.28013931748171,64.31075936635379,3.594752920880795,12.019231643106853,40.77553678377672,78.02202585022354,74.8413154251474,30.120501792146758,67.97790751126563,25.070507201699133,50.75727521350147,28.35588152097793,96.4728657977327,0.4890927713158688,87.10297330329408,
6.193339488210792,8.253343274304525,12.460441312576371,11.768313144092746,62.320146086647824,33.44763379740628,49.88681623622815,69.91833237472902,24.61364361403733,95.49253662647267,75.40699627398388,2.257697986795626,95.49098488225064,82.62483844100812,31.118781903025962,94.80827254998329,14.516908439206,56.0124883259198,58.3044797872306,63.30095935859288,
8.705006041348486,9.07117245194548,15.870853668977443,25.61506108145809,64.11551715679192,91.19624698660235,33.305773305226126,71.65539017017866,88.16536559123733,64.05383327044632,92.94757275897031,61.63943632973156,92.6324183526197,95.38348920627323,35.12869956546702,70.97391055213747,56.41616756359724,88.12496824820754,61.07079293915293,52.732015103256245,
4.3303395556024675,8.377679742822172,16.258614258629393,7.199825494269396,53.339538103130465,12.014629108445064,35.83633269178033,32.04219449147134,75.68569675095864,96.05969879229907,7.782353553084176,76.3456279328405,39.67444806787901,62.455599667151816,59.289109894767755,37.127622626334286,89.40327303467193,75.18038724807052,40.49292474593178,17.858945748885468,
4.134142329343859,12.839555176792485,15.60827502008888,15.127420468166585,43.775591746270706,80.4421272295652,68.32158992232917,11.778789627747843,77.52541120256144,69.35253972471428,10.557455260897742,32.702229795876725,31.539336601037217,54.66558315321367,37.19696184509053,62.88519353746255,6.0701642148326185,56.41264885644407,6.12281390833338,36.444221068680946,
5.743119442042687,9.084446607006994,13.329816334630308,80.04539807064333,94.46206807883146,79.16726330890165,32.41983165993278,34.460235432106835,44.35446930966984,49.72130911780567,86.47162304481525,83.95968405369908,55.78173245252771,89.19872792185706,64.94414434180344,94.8311088537235,53.205941480196095,31.279502823495285,68.54188463197706,1.510004432867651,
6.4560685911607765,8.293707266545931,14.372311170028391,81.65035787679,0.28293689892321394,31.661022686318894,7.030262957931832,29.914494273742775,51.40610384070594,20.13156162124645,82.10747802434842,74.34534277754872,61.00688442282528,82.90667779856858,28.923740321605273,78.89105829278871,23.288748892993006,4.107206876056246,86.15313435601092,40.98400640302745,
4.4923297514545775,9.260288689850123,16.941684590837824,24.033071799093076,55.44623073793906,91.0569353697729,82.47999841086533,61.270364824779165,3.2510185889737753,22.697071100064992,28.53538969738867,29.600395209910225,6.605724570652849,15.024973275319265,16.87723799576053,19.93180263688188,56.85080129029435,5.61860957656074,6.2645990030677385,23.92878197667112,
7.481432877775596,9.235655820011267,12.97091559242278,16.20137809089216,15.756771275572456,15.759545326963764,25.84936304697385,35.660827185890156,26.980702987096915,11.00347613528837,52.602162667751884,60.09819909171262,41.783464043978526,57.16710092758998,20.755132876337946,24.001568709141107,81.91586789358281,12.587927306339797,13.821797037862716,51.20903277875829,
7.3212913925030625,11.953089448745873,13.65606707716313,61.201878480778035,76.70285026458332,89.15736877883724,84.73839797476933,60.6742536748073,83.41722437274746,42.913987183482305,72.8675750604047,50.47274907205082,34.221720268451925,76.60391697822413,45.13906404077538,62.0812610894244,79.69685520180462,50.635037540622065,46.94741629260347,87.53363325685864,
8.21295578985695,11.184458611651984,16.692816447532355,81.96850428695531,28.614740591136943,35.83595596713287,63.828162087705195,98.9979216212236,60.83003576087286,54.63166394761863,44.32756083095819,65.64321257836777,94.2023638897697,45.10690338042883,43.27445487993962,15.79871814690187,81.8543700617576,7.066633137815293,87.37239282085224,79.01598002280818,
5.016856187305585,11.063526683326693,16.32570119268462,64.85801297731781,47.516301077562495,59.83121586828158,38.76628343078361,92.15532499494978,3.6286978105961043,45.56233891011401,86.86361042864196,87.20239963025126,18.63467609671795,90.02823157327497,14.188356112275413,15.265333325807461,73.85547269827629,0.6911230351003494,85.89324260672394,15.72843661052168,
7.068625133606417,11.191081803711825,16.956081158038913,82.78953284024378,30.779134250722116,81.73272793039986,5.206945607879221,70.82081186297017,69.61367602057189,70.41679037699183,6.283729248564917,6.3441012933187935,11.165561682922787,6.810139487954537,8.91804662952611,57.02639139253159,1.3350703187296253,53.67868776326058,38.16633982631251,42.183571174927145,
8.24200683954383,10.2256545461062,15.844858914652372,68.98731868733627,90.3021097281367,80.84121649857863,97.26129553420412,43.90209091656592,3.6056229814447005,80.01029452294142,93.87111402531794,39.836266388201444,19.415965156200954,12.760643139628236,11.551655626027069,96.0734409874054,51.85069624288542,86.80742591774083,84.45056303536214,90.25697331283908,
7.352023101910083,11.258318831337274,15.392288285160165,49.53287856960954,72.67728356270348,56.10398826841567,49.165027586787716,61.41318690459157,62.63688016514205,75.36220932047021,70.53246754682223,4.003962361420143,68.3748303993083,60.70217228316762,81.58289269439393,39.94914048873199,13.034713706033173,13.831083992037952,68.33556622804431,8.773457274984064,
8.953480065255485,10.771042234270597,15.579741094416795,8.264684661082022,85.6665657439604,5.1965851618521075,16.64570432244199,77.1174847335404,28.377183736318845,40.96779368468568,24.938620978605474,78.26821038762304,60.095253670148516,47.99421944205591,68.00774276242691,35.18198629745029,89.88624922819261,43.223345465773264,54.043681461170735,91.8104719639826,
8.208064801504317,10.385282338469882,12.417089348872986,51.02069687106695,73.30177549860227,84.88848843653456,20.273117069760794,96.00245262887816,96.07887877261089,2.5089741231652973,81.47598840357114,14.493678083593064,54.07579781476778,51.45061850559186,32.64175056317966,26.620374274877857,98.80843200793467,6.198243067005372,69.56922648427815,63.729586489239445,
4.7676922378632085,11.921001845747723,13.654401759743578,57.80100522643078,98.03394428278033,57.725218984110015,22.001810930179154,78.85480243069615,36.065155773406346,11.790328054840337,23.378073170027836,1.230359332888309,40.07313579285163,91.816636441388,50.31234139680796,88.69249958885639,43.984848320105264,18.675746550599605,13.719825222712501,63.028957482804124,
4.552431286822184,11.505999645294239,13.587940423433805,61.134830981694265,57.596105911270065,50.07870752138637,98.16565648196138,91.53670678927324,83.6481995832019,97.33104897435621,89.08210812681257,72.89133602215293,65.58056604571993,82.74055623914151,86.88134479682846,74.20059909997845,22.802318167355484,51.75612808432061,39.050072214181306,79.31668404824111,
4.888249078292712,12.601434846571497,14.517982860062853,66.76829674769137,86.60699300588611,44.76235524104125,27.360125236467137,30.02088650234288,26.35233367798685,32.81323535001089,55.65662888438816,62.990757276006484,83.82014069369339,48.568985098234904,92.47873036231304,0.9651207400868889,1.265463479070783,30.286231985020684,99.72869579572523,38.037022425525926,
7.7129775976044375,10.841643960287321,13.299785518679172,38.74625815770266,68.43140841635741,7.676727252168347,69.94874894060061,23.82427766673191,23.430590417853438,67.48133268087446,22.07159674398198,37.77324781384902,44.834505309310146,2.814628827301413,86.87929949332357,99.46633662202873,47.71177090529532,2.245322782575687,33.556117183513734,96.03846090082901,
7.458322578786164,10.524830489487776,12.46904110191987,5.043633566391447,11.426300191043737,2.34632674611025,77.35595471055365,20.187150966466795,11.901379585843264,32.607121904947554,7.133458361662781,11.8979088964836,62.12774421012035,64.78982829601362,56.629887843952446,75.58810171394829,13.624138021617416,22.947682393381484,30.65013792588418,7.654641700416831,
4.771396614008651,8.435931929413687,16.619473254675462,2.10865676897809,25.439847830854113,78.72750498891334,33.85931905932005,79.17642251365326,25.695212323521076,86.2791577051214,82.08331067525594,41.297193555799694,50.29289312580701,55.668673121521984,29.335404756619432,1.6503285888622932,3.9512012315115363,77.4536957477899,27.743200473778607,45.676211084515536,
4.451173152237061,10.43394529554323,16.062749881625436,67.01248507947781,69.29414359577663,33.31199529687133,1.2700282748212888,65.84911986828604,79.98975500710377,85.0450887288311,66.15712466859132,9.912896071451271,45.17700581455666,57.135049698709814,39.43779756510705,36.12389706732161,86.08399039858527,22.100688307776117,56.58551508239486,14.423671493476043,
5.843421796750706,9.893218953201307,16.309687312831723,4.35669284307264,27.970353861753196,26.320157842475624,7.6911059174153085,9.693826972435815,51.42470208359985,75.32986365262086,24.83274335767508,76.71855623493784,87.37295879976963,35.79347515928652,51.872863898698384,87.75368655186291,46.50075102126815,61.70925853238928,67.62408059394888,73.08835387690877,
6.462101350492711,9.651696603327157,13.576753678289567,1.672121219513778,19.32849147996283,8.67254059550142,95.46878086586807,13.775061042342163,16.62632470430234,80.07230082333393,25.03919587382549,27.269656887137607,72.19046095350652,34.664175312135484,65.16553685957172,83.27249609910348,17.08005401158993,92.79049658575006,45.928431628342956,96.59063782988785,
4.785847204573527,10.588823199518627,13.343172059285907,41.749683078679666,24.432278723220158,56.44788188431704,20.503131942589025,36.33754106827143,96.33473489676993,16.667067118279945,19.279589326261593,79.97990822609826,44.74701855879201,9.353302934436536,73.825134203529,69.47057480096305,59.19562503166441,34.973856361152336,35.259704097192724,38.4116246868704,
6.015108149278893,10.331800973988447,15.96146041018104,63.17567946817941,82.91274114251014,33.68019600534403,75.25991133624345,36.08434793877482,90.41528596596785,21.068626166022476,51.41968719931129,31.404074239695568,47.43288279834261,40.88378630509427,31.32777305522638,80.09262385406886,12.944525335055058,42.895114479092136,88.23043353555938,25.186448880746536,
5.068648489876631,9.871110450592813,15.45803587258819,51.301235096743326,95.29262382793873,5.617166539492224,91.12627096682394,68.92494900530286,80.14872138033095,69.80827699515089,0.8199876662961625,87.01473742616176,8.742285773264536,89.69183649254786,19.523978924581463,25.866061375485994,91.22369621811164,38.92832003881759,65.67823154278926,6.304478945714376,
4.247546615823811,9.054687215695099,14.950550123424776,0.9575345906249422,27.806828383116343,3.95655118999233,62.178858004320695,48.696209514046274,18.43303526632962,86.6948759299844,8.539993287869862,14.292469391868279,97.32655613201315,65.9386062566085,97.98528602725476,21.921417711270742,23.858101252272313,33.41515098084456,16.677297492546973,3.3436684773114456,
8.800485537228443,9.024870227802028,14.554910852029654,79.43549438208883,21.992463189440414,3.096860320632533,21.983536107263756,37.19141656139831,25.893248094645017,94.1144495877184,59.519035127526244,73.40589367583885,53.11300065776556,80.05610552586614,77.60437985252318,50.947787279079414,35.5969670980168,3.4396916553004253,82.03750087350242,53.87337197894496,
7.086045037170091,10.66321842919005,15.257482573000349,33.58059774959583,71.18536104416015,2.0830837772200073,97.72180523987761,9.789448092640818,61.3835921248367,20.11333434528565,27.938901064012967,27.340163279725672,48.44667368587464,4.340947695787111,36.68916793391451,72.63322093079174,73.53299300916034,83.71608422866514,78.69154395851724,21.991945454214022,
8.14586690656918,8.015514103435885,14.986753040514904,28.310644132265562,39.04816025231514,20.697796425101057,61.73970402617041,52.05824683828099,38.97990096015983,1.8441333785631175,29.399213207786502,8.039402058314915,26.45050336560002,21.429071836929836,74.84190204771788,30.2720507553356,84.3625447870671,83.80115642850544,40.04649987273321,53.92251115633647,
8.27698354294096,9.482750565683656,16.033784262974798,75.44615414938339,61.36836012483964,10.042496135862166,99.5408452762989,79.91375912297346,20.298228663923744,33.473171612959604,63.08733364220338,17.96070019089434,11.162476044199543,58.629095885082336,80.09027701458552,73.87811553368219,79.89326565668473,84.61352341579898,8.176796678070364,91.07225789056089,
4.622258347701078,12.28362884087822,16.04206247162623,11.450253938876498,91.60304974553584,47.97352913771196,15.295925279109534,41.24754271372548,20.839090449386855,92.29281492676188,69.80034557383566,77.39426321441675,84.49685985936969,8.361488452072996,68.03818466106723,15.724929185197956,20.318734061858066,84.13531190713293,97.66151063538321,15.167735105215009,
7.8848053808835665,12.3200620104953,13.01489672362215,10.506877044390183,23.010256407197705,37.90153505417423,1.116924283191012,50.393309475013204,32.044891151108004,40.55138431870818,77.47742395523525,86.98637649194693,78.68978342852684,14.34528714636597,38.22963595117711,58.940809811867645,89.01809560101694,57.19212493052955,77.91960558311565,90.41057059564484,
8.015416926231175,12.109414788118585,13.172304827845005,75.32311383233176,45.69516860980721,55.73285454345789,4.644911228400639,28.384634319706915,76.87149631862215,42.40810010065547,54.82671299055529,62.10885820625776,39.62768756589148,60.69363326585885,82.47010696950909,92.61909283221998,30.001899368736584,67.35138079643393,51.07253124436203,86.0551140495703,
6.121443202574947,8.885682987536049,14.029367523685345,32.123653339396164,75.5127685544606,94.12585774178415,40.92620061561358,71.66316871477807,85.91308214041804,55.439863462539506,45.6815842031635,11.050692123172967,76.32052036283706,36.723873836676205,72.52532261535653,27.86051252861489,69.61362120942626,20.248770663443427,35.66438316371385,9.391540321291824,
7.9012308296421505,8.316539595596282,13.764316142993376,68.51219059349262,23.506677046791147,35.754714921412344,9.102368837667685,49.72867063827311,3.4827768388169256,54.27133988817038,11.896960752765985,72.46460414605428,24.76979243352282,64.05758252524915,50.41834750813672,58.246906919743736,47.70968001603394,77.04700384471855,2.9956115096395286,53.82492531479962,
8.6201431939942,11.53415799419324,16.79716359751172,93.20681167765713,59.42728603441295,47.91763311963657,92.11543160773095,38.17921945582678,8.539794714645055,20.169245727392713,70.8971466986578,99.08334146136558,20.594871845965123,64.48033401812405,43.47155636866666,65.45242773279111,40.27896046453138,54.250642126346804,52.3770332364772,69.57291398621372,
7.012347175967394,9.33494129681496,14.508471479045198,65.11330039483448,60.86059918966057,29.596132757102602,38.43024923761041,27.672016402690147,63.967140173817846,84.83634616319664,75.41239673354228,74.4274490648057,94.01924577375893,17.050606388340984,28.29088617031118,56.03045763961296,65.3262325663602,21.74526152188164,54.28670721671741,95.46159582553793,
5.516967073070282,12.466771067537328,14.192890806756436,35.782417301185795,30.612367182016275,58.966461936612134,48.70201757214608,11.542186671445897,89.44214136638516,49.160145867800765,47.49223997403584,77.05839479645824,73.18167873775486,1.0917365552616687,73.06554487433073,8.87147319024104,26.83205198845394,74.69880949803883,36.212958700053846,49.38119255457594,
6.937868750562567,10.892109146350931,13.663399420151197,74.00417416267247,9.230507306498781,84.38377299946225,17.36749106458707,45.14906308138612,88.00543851160342,8.315813356730228,46.559341120313945,62.887879804678946,7.225525171147873,47.9703511214181,95.8571053179124,34.4091321041002,67.715073490264,96.85747971642222,34.89271879868537,62.17028575294381,
7.953253038022523,12.791266011077635,13.399698683085656,94.12422979475336,6.911998850794266,75.00423985716924,9.31433650905561,88.47640387201852,44.422293606279695,3.392416155886613,22.06850329299965,20.136268396194843,99.23273259205263,28.959274235860065,87.97774317880547,96.35887051161967,71.96093589781036,52.787967005605395,90.70501156011325,55.02925279280741,
7.894399944540181,10.852375545888073,12.768022978751176,90.62447321523297,29.528749978732126,98.47977875460052,85.08385053916082,90.09510332788257,54.54335949993647,86.60605341332142,75.26112073722845,63.74001725368716,70.80733815763391,89.00238942409013,66.10811204373273,24.605369214211713,78.44520131333545,44.76254939354847,15.155286841239924,4.020677571747166,
6.862318706088441,9.083091718263496,16.629652148158364,90.59196937151042,77.12022871224973,22.554626779903806,24.487979560036976,45.30393144435764,39.11036217043489,32.183033000918,31.556278845414,76.3401157782158,64.97655156601147,96.84351215624343,34.48115335181604,53.81221668552788,44.466097283471306,46.252928541032645,20.68705020667514,6.796491351223299,
5.5567258378445885,12.973748905765728,13.60170797430728,72.90744274398595,49.93889659488631,44.912508099762064,38.072449367310504,64.09586500825108,42.815397198742986,48.14071437077586,5.2953578491913404,71.44046302074814,32.06578199263879,20.75081909248626,59.2589190017072,56.409206240643314,25.61607206311425,78.39327148242009,63.483005119424455,66.3986484087184,
5.153684332488208,9.342705951303238,12.336352994367685,68.3164930271716,6.997808457197852,41.26769363225219,98.53351847543226,15.5546726246383,19.910846581414855,45.46327232593561,21.85789594402092,50.907276161704075,34.317298383861406,55.962964712185595,81.15527248450846,0.8196619994890075,20.359495481547718,28.292521627325684,14.468729066018016,34.81216625815268,
4.186401757554562,9.601819468820814,12.443301602946617,48.00379273051772,85.05797848528704,85.46276580070811,69.99667937011598,74.36834748376207,61.28018827650822,0.5640489654564096,48.59215454169812,53.687502417093015,49.26041279645016,25.002475864057505,19.408078379835924,56.122258207118215,62.54708713131354,18.720438308667863,41.407677964707226,14.906411549548793,
5.658100876589363,11.493466482151668,12.0955899051354,29.872534416301356,2.1064448021777538,37.23042256721971,61.99144269728754,82.35310016653746,24.618265308337726,4.445765622040787,75.55466787497856,45.456391111290614,49.20443614072069,45.146622359483715,50.38033298067194,82.79883758522611,33.08592353621673,27.461504809803127,55.777105888797095,3.4825084687801655,
6.546538334725081,9.570269098850567,14.92984058216663,81.43843500677235,38.61417743131154,13.296214985363196,87.0070584167736,53.21359574834038,89.23284574411004,27.614408816538926,79.72881884658383,79.86128686391721,84.7138960046784,8.615430968198979,77.37041760736378,95.80173326569643,3.0972202568432583,21.525241071338375,52.04021784110455,70.35178933958285,
8.446661689408899,8.81464187390436,14.579800059010891,76.07960952270322,12.226327102207147,55.64364149311493,55.68986677943231,92.22220415848699,69.96760943657222,43.57206473624529,2.1932507388468525,71.11081863984037,3.5387747289644556,50.43107054247913,44.637446665957455,60.881135964094156,15.132281532768921,16.42111156902407,43.98075065619451,8.702285261916343,
7.341060619701253,8.827516874212627,16.065710806580523,65.34071596983144,37.025564971611246,87.03250816772041,2.0437056240162343,74.08199623890809,90.85993481296755,45.60856858953114,66.63675084413966,54.8656460407859,93.21085683989217,86.42237871432394,88.19850340856952,87.94513083954172,56.380364514047386,93.85062452837886,82.94184047634627,60.467198129985476,
7.387279446436949,12.954073752428695,14.302123368795264,64.0717218608827,87.12250537624232,98.25605768630098,92.42064798183189,21.945322480422426,38.38522587715785,61.631370643404146,69.66696034699216,79.71898036973417,45.38051037824857,89.49279438749228,58.630275043361,16.181969202675837,78.29043427852244,12.438876378398312,26.111927209628526,16.99140079289283,
8.16672445382377,12.559029812508243,16.183041065352903,7.388758012841013,66.06556037524783,44.141856202461426,36.640019220923,58.39177685688678,86.50267772238311,19.91748640200831,78.53610585445801,65.01211787695739,2.9565170865176515,36.039531742478616,96.9084373461876,44.75624434918676,70.64209530203874,25.5222238383516,9.426151191616693,19.99902017077201,
7.0518118310378854,11.415020872066128,14.055829233445111,28.776490887269624,18.425795742247086,35.94598408393123,87.24955126864208,55.126441257133344,11.205779731968658,44.94101029970855,80.20768831439501,82.31224494223568,67.22489097513737,96.30633167600912,93.24387372774292,50.09765946340088,4.83925712655312,77.52834823811092,69.2025025285803,40.69716567690692,
8.216169365264001,8.824832988304008,14.904109367288775,27.108529066688003,7.900671216085464,6.559585740155671,83.7432064157412,92.24127937272047,90.89405969010382,66.82415777099683,37.11386710455881,67.58684446496214,11.360800195046593,62.47167620678705,10.925638524079229,46.13306686900904,21.063395201816547,86.12951440824756,49.30778946162286,95.80794086710983,
7.337113159317622,12.661716415453718,16.22489905189798,36.944336613111794,27.393798244103607,91.8413939494163,72.476050138093,50.08961711284291,20.620886198524545,10.479319063434156,19.504043961213434,48.94099445042981,69.1111446711617,6.418875890224651,12.35630880073576,87.26954856223666,46.91148156029929,31.119318251147522,26.44921660188373,68.40286933978562,
6.220291447678399,9.981747289503696,16.406546100606697,91.16828237129906,0.7661881436721307,16.409347884140235,10.067289641898835,97.1556755758207,53.13541761557453,91.15418650129511,1.9609546699132507,80.7409644669105,42.913472375186565,35.4039754595512,82.76620392618923,85.51827144884807,1.2570463828053935,62.85778361805664,85.11321417265236,38.62090916398414,
4.413297053587731,8.23816998613932,14.391544711850116,67.86832100092647,83.31766159895932,95.36894891659574,38.258426590663674,5.758128700690246,17.6250742964569,81.86152991675696,32.46132963647311,9.029485280960136,4.3302753879919775,68.23194788735543,8.51867896270877,12.85597312267156,56.311000213345054,13.149194140199494,75.72388958594087,94.68328179508735,
5.368215452167432,9.409888590037891,15.542112759623715,44.308986616222214,68.54544770384253,64.72560088957663,1.4941945614051488,24.008718438594478,58.178175494269645,35.069663503995315,6.283988920814398,55.345104644325104,41.41600691940528,87.07117972170145,31.469510257043453,87.75284284079234,3.2222401507909115,39.56155452690629,94.76926606299209,88.07533002301686,
7.862489627742265,12.54474577129145,12.916443359649204,39.93531117391774,62.34024317717813,32.62258320623924,64.91977580000926,57.153989195175484,78.22468695563585,36.04931877869363,4.119003643385266,96.3901344938325,42.49736049337827,30.68079089444914,68.51918369145113,0.7527299359995743,92.04621984564059,60.4661430558292,33.94426252514342,18.347696977827653,
4.193148396388764,12.31295751580556,15.609839236037097,17.55135355163565,92.51828041503705,1.0659767066638515,80.0385717699653,64.26017954038949,74.57630295716922,38.41700600175988,83.90734197773358,35.448613747958035,93.83572973074718,83.59485042399062,56.29763658495251,18.07352268031227,95.523083241859,42.470103959038376,56.78515612353765,82.69611769926732,
5.1213540075940625,12.167047550867231,13.417471979841043,27.14904639379483,81.4512577652967,43.44230019672142,37.950542285257804,57.158456278505476,95.1753298290758,83.684604907804,49.24121975321215,8.037858771731898,9.753974373109687,82.70208577341906,54.84683328628085,14.402650549979601,77.84511226470885,84.43462290868737,75.82102672127895,3.3111539795018796,
7.6623964172543575,10.611852277683639,14.834300306928572,20.32010928647596,22.544261678860135,36.90416687449073,45.89196577764555,97.64956625519086,58.2751825004505,36.01938908830955,53.58109466105386,38.984146613795225,8.047928080967992,7.679224667130091,21.21728282904779,26.394672428915722,34.45660484355205,2.915671546823373,20.943479935119726,51.44624038848731,
5.590668443454113,12.901642142298106,13.322720935692914,34.76576862099308,67.4250507581669,40.59382300208198,61.72321177558998,26.17413778128751,27.51353372032954,70.93824450884205,39.09610866305159,70.94507248120343,90.86637838805164,44.880616661115546,44.070458143576694,86.83491044093596,6.917577790128981,62.63393624214969,10.49672685133175,21.234449059749117,
8.959824675116707,8.201135573931026,14.849811672219941,48.12613202104935,49.9464266892973,80.69395321372649,23.061930310292723,20.486790065471872,47.2024580941701,42.30436919955456,51.610516793100395,15.358260328159512,91.7315081400138,15.556344131480227,13.6797671166055,96.01518856035379,67.97588210803004,12.475004364256126,60.515885113693315,68.49136930643942,
8.02523924778274,8.873152366838733,12.923568918898338,28.183011278719594,45.46663328911098,51.43965465647712,12.934792271241013,76.32934515472792,5.148213931223,15.764256030070145,18.93938367893813,35.878009875105754,2.985068904016752,38.66552789258826,88.1486123973823,11.574698496896051,16.230749643162223,82.54042464299076,94.59211303702416,20.073588935433627,
8.69904244565586,9.087886806457277,15.74132881866188,62.447068903205604,89.36103041126968,67.49500764876142,12.121778756408286,23.680356409233127,6.426520187627505,98.6573456199289,28.822729316051877,61.56859976073452,4.683854245625563,56.07108953071314,6.214749484636572,90.89108696354077,17.133915705598323,70.91485682493199,47.019028347761335,77.8192635158101,
6.067428915298091,9.387251238397392,13.603600210672475,34.222203799651275,57.33159035735442,7.492258848633437,99.79270476654813,41.86530560077023,10.777577263537996,16.45017130699703,94.71793374445807,42.45494147084287,75.83132909893402,83.5467762353187,89.68602554578928,1.0638803624704596,77.56285907521723,0.08392206024280258,85.17559045766382,87.67927214545594,
4.555595554305282,12.182470874052704,13.442828206268057,24.44706444119309,41.81900261707464,71.05107394150959,78.5865218660233,14.643749657806381,8.648231837681642,83.89147075723018,52.88612957580847,3.488314211853194,81.82049259043139,64.79671886302766,74.35330146004306,20.61438880904185,44.81390671100258,52.33207036137989,13.526435043075091,19.35453261959015,
8.037581515187483,10.414087753188182,16.169144877050584,58.94569030199717,43.685489775808165,32.239929471297515,17.9596895720344,72.34685001960096,86.39708903775946,95.35415774477731,92.50900025237895,24.566965280001785,98.07643062431085,97.5824245579835,7.152187510993812,94.23326423673588,77.60129334231043,0.9691200475867245,61.171412490158005,4.5870586778246185,
5.556444675896652,12.76075400473919,16.543952452401548,89.17623029860981,36.32471406911942,11.211189195098314,30.430662899822845,2.220600767793268,59.79154725242084,13.224648604002597,81.9982270595292,73.9583651743175,49.12520409966871,71.07154831916074,49.395942915286895,67.23893006769853,46.51149559033697,39.87885777515765,97.55190029415746,13.20935722744797,
8.344625973577394,8.84667683784013,14.457224775002661,91.14879687695344,50.468409703988,2.6359846784280605,19.27340011015859,70.33723751984745,36.664130745926514,65.71954667322608,19.210586603387913,50.30196006023736,14.679055574588363,1.6673727658892301,31.077752791230083,19.86710789023275,84.35046559416064,77.65242828169349,66.72218624654815,5.138833283752254,
6.515014001294526,11.867299641224907,15.805701132841126,91.89047176823352,72.19769266162618,94.58451693146291,63.26347013534955,88.7692851276828,4.458623751167778,76.1542254132427,0.9575193656879866,44.328285744765076,79.81618694172448,80.84741805920027,9.54128585043932,43.09372171283934,22.93467046032068,4.463919009760309,79.5200434526332,83.7108502921619,
4.130139298654762,8.92878297748668,15.646684539313462,85.66757489152694,44.03024611675521,84.64193045610409,34.25625063364453,80.17768522212207,26.38497783803977,34.45735867744782,77.99870365496155,15.512326875793558,84.94661389864864,52.93418777285856,97.24431860509458,47.40048219786039,22.11512804001554,59.86499901808281,55.021375981003175,91.07619211792645,
4.35008935249449,11.179073984805443,15.935948316240875,83.13229851497186,9.442894433844174,51.3194786583358,76.67733508871625,38.54758061082744,71.0150538463037,88.62002467245283,35.635028127213545,91.08607031130039,62.99393058097085,23.24052732820544,37.89087893140819,73.7244790693552,19.18689272180165,27.820011000572563,57.83963489534455,29.84562804676574,
7.009150403848289,11.496830416746844,14.948290687611339,45.64284510300095,44.80235315361515,68.21518693158684,14.431197936658291,59.512281237572736,94.38970367214773,78.78748562494958,17.067084378242793,35.16718138836631,36.08606172480351,57.676632066998664,27.883257471058176,81.79013516918809,2.3247437345586763,61.572499581975684,36.13138739272742,66.74637824628682,
4.276847602999654,12.099192684325502,15.425568339552012,94.21325798151501,79.4151675223894,55.897759454938765,90.28485051476017,16.5379789660832,41.07086091620283,59.84632965876364,86.86110007964582,4.217809441644871,82.03638318863312,73.67530272932332,0.8459185122440593,25.103952556493468,40.29911669186234,95.32859611874184,26.595357181126566,73.76226693395142,
6.020965501128192,12.930370237432442,13.599578721300285,47.881158813148275,14.271236558844647,52.132041052959885,85.45903021326961,90.19887562912604,31.060663714480963,59.62914030880487,15.165008863908657,1.629565795226784,72.00984581463335,39.186507191590195,16.899200100873568,84.09943973546817,82.4645565416333,32.26229783041673,57.302875828412716,90.0613978956329,
5.1082991299051965,9.100241516546278,16.4959493389455,39.73859446001627,13.043520670770025,44.833830533442054,12.960251561797554,16.854305144709503,53.122872508774385,99.2534485228151,49.74314589399682,68.93766142673043,25.00706761564476,91.51190424097526,25.411417736148024,19.251687973405097,77.87631764655372,8.992191118145133,46.87357822102717,43.972230904602114,
4.153297172696355,11.955635902041072,15.340230428455984,80.45331948491659,55.019824099920534,54.036404707682486,27.11283791805883,10.246586258889423,91.78015931423444,59.631187979196774,32.44883350682664,3.999359972645522,22.162586322528156,60.894482479043354,0.13380062090062594,24.438108762946776,50.37896344326107,25.44863946773681,69.31090536911584,58.35092286982664,
4.155423403619384,8.586699676059103,13.458679359312754,88.81476551786032,8.880854480285471,69.17062614531785,43.80080124478909,24.8702682422148,75.1240841975225,13.829477850104832,9.429882478171148,77.42882085253238,74.34176425107117,35.04800075930541,78.92347038581742,7.403822497266422,7.624123687303575,95.94507015959043,27.73778002439471,74.88990598892255,
7.052977757849192,8.696718200168654,12.793761601716435,86.67106391335614,8.602024978881484,46.105050108119116,21.105253939409184,73.42054040643117,43.56291502279874,58.73300719075167,80.16287072589043,27.6624734075232,40.1341610742601,30.205475440269325,76.68541501778627,98.89725831658428,56.2128369473303,22.286491836386823,57.32357125781044,73.24961920255265,
8.464280298467528,10.795999005378217,14.038182209950055,61.58046422938609,88.24473349274497,44.661978301574834,8.323795650571263,82.21055022496962,5.745657086885969,71.35291082336363,29.337753601808323,52.23611663325982,48.07937946221219,41.78543390856806,79.71525099664298,94.87356763981013,42.52121874214782,12.89288198160692,57.86929142613374,29.352397297555655,
8.786538380974168,11.618891522177254,16.431302936021485,34.58255605926901,61.01615502321776,41.719915668483246,32.78410590284941,68.15446596460465,67.13900678000198,85.14648455223723,87.66524806656159,78.18696096742374,86.82477746440819,33.41925489247177,72.30030619607024,67.12044080396194,39.2564084669544,73.18464573119984,39.81871935801706,53.75954695947735,
5.3783775653834605,8.507750055780352,14.45808710719312,32.70172749261816,9.714861014483434,87.53245189140766,58.41476929390622,48.74507027637647,89.09717306463895,29.856679857635083,72.85512211555047,87.95081121678996,89.90262762571977,86.85239966547172,92.2373394746193,36.74298309691273,51.403123290701714,71.87188620097082,53.88891098808132,75.75965159540421,
