Timestamp  2.0, total num  12:  0,12,0.9952930668545932   2,5,0.9928930840588903   2,6,0.9939546030445139   3,17,0.9996983096329882   4,9,0.9988724370613183   4,11,0.9985156935885124   5,6,0.9999569514950536   5,10,0.9872263284320165   6,10,0.9857055014850685   8,11,0.9832280919323129   9,11,0.9948041021322889   14,19,0.9917619299410227   
Timestamp  3.0, total num  8:  0,1,0.9954658382099596   2,7,0.9951306050102993   3,5,0.9807793188598245   4,18,0.9999811743542467   7,15,0.9903375789389635   10,19,0.991517589270085   14,16,0.9932038228642112   15,17,0.9842777068743128   
Timestamp  4.0, total num  11:  0,8,0.9949503328808113   2,12,0.9966617861541283   3,6,0.9999985239749927   3,9,0.9803847578934557   4,10,0.9995760074307816   6,9,0.9800446746699538   10,18,0.9869634569764271   14,17,0.9964538585434235   16,17,0.9972726219654365   16,19,0.9996960378590443   17,19,0.9987891188264119   
Timestamp  5.0, total num  6:  0,19,0.9890904905011625   1,2,0.9982735238360513   7,12,0.9996648152761497   8,16,0.9888322220231335   8,19,0.9992953295045739   15,18,0.9927519820132064   
Timestamp  6.0, total num  9:  0,10,0.9973697503858673   1,8,0.9888904782941892   1,14,0.986715099390802   2,16,0.9997928685926502   3,18,0.9875857757412095   6,11,0.9999780118147115   7,14,0.9814947007379543   8,14,0.9999022174417745   9,18,0.9991900025196291   
Timestamp  7.0, total num  10:  0,5,0.9988772778686453   0,18,0.9983911730415731   4,6,0.9969529754060351   4,17,0.9803502470806909   5,18,0.9999563692329124   6,17,0.9927507156416544   8,13,0.9989892616636212   8,15,0.9976027577291979   10,12,0.993228819041604   13,15,0.999704977630476   
Timestamp  8.0, total num  7:  0,2,0.9881601631838275   5,8,0.9803880305721762   5,13,0.9999593502134497   6,7,0.9908626754750346   6,19,0.9974400142701858   7,19,0.9979707167380776   9,16,0.9916837621329928   
Timestamp  9.0, total num  7:  0,4,0.9975143365284656   0,16,0.9998779841617004   2,4,0.9896052965419592   3,13,0.9983904677923235   4,16,0.998493341734073   9,12,0.9993420007853311   14,15,0.9995441194007505   
Timestamp  10.0, total num  7:  0,11,0.9999490519849503   0,13,0.9839515288548484   0,17,0.9931056687036506   2,3,0.9957804851459117   5,11,0.9961360389322423   11,13,0.9857025716176253   11,17,0.9918718006245405   
Timestamp  11.0, total num  2:  8,9,0.984895329467101   9,15,0.9848385296581498   
Timestamp  12.0, total num  5:  1,15,0.9989325201341405   9,14,0.9888977793777103   10,17,0.9800386737703438   11,19,0.9910015466251636   13,19,0.9989707700499133   
Timestamp  13.0, total num  3:  2,18,0.9961523776332724   4,12,0.9981959394371474   11,12,0.9970417990968253   
Timestamp  14.0, total num  3:  0,14,0.9914392396937737   1,18,0.9933439224768669   14,18,0.9992636262415984   
Timestamp  15.0, total num  7:  0,7,0.9879709588462209   3,8,0.9998276792613566   3,10,0.9927676982275963   5,12,0.9955334427048714   8,10,0.9948252214148025   8,17,0.9921409533555108   13,14,0.9975065901040973   
Timestamp  16.0, total num  6:  0,15,0.9969327864378433   4,13,0.9983514243102481   4,15,0.9943681813181752   12,14,0.9997408173754857   12,15,0.9910582556575187   17,18,0.9805002722062351   
Timestamp  17.0, total num  9:  1,6,0.9905203272633335   1,7,0.9808386639535844   1,16,0.9833356188506776   3,16,0.9818120470912584   6,16,0.9989870319572687   7,11,0.9894307545366179   10,13,0.9999948831505405   11,14,0.9823742640859255   13,18,0.9810116005191303   
Timestamp  18.0, total num  4:  5,15,0.9987340283159863   7,16,0.9855937752602004   11,16,0.9999989598902983   12,19,0.9921276240870504   
Timestamp  19.0, total num  6:  0,6,0.9854254229316349   1,3,0.9987816892247582   5,19,0.9981182011018949   8,12,0.9921353561502531   9,17,0.9998769110220336   15,19,0.9991502440629975   
Timestamp  20.0, total num  5:  4,14,0.9975670458979489   5,9,0.9837774143708466   6,13,0.9845442211044095   7,18,0.9865673049972543   11,15,0.9953104699256333   
Timestamp  21.0, total num  2:  1,5,0.9815162941452469   9,10,0.9972270213909314   
Timestamp  22.0, total num  3:  0,9,0.9912083659743504   2,10,0.9992773884213351   4,7,0.9917406053763637   
Timestamp  23.0, total num  7:  2,19,0.9978711919115358   3,7,0.9988786258855892   10,14,0.9970284316310478   12,13,0.9933390728600817   12,17,0.9929391862690389   13,16,0.9942543688714418   13,17,0.9999941518505813   
Timestamp  24.0, total num  4:  1,10,0.9994545655615665   5,17,0.9997480072984792   7,13,0.9842653395551806   9,19,0.9870301600825039   
Timestamp  25.0, total num  2:  1,4,0.9954786322192367   16,18,0.9957452143755945   
Timestamp  26.0, total num  5:  2,11,0.9999694078648732   4,19,0.9961834568332312   6,18,0.9913490179437476   10,15,0.9957965136637219   12,18,0.9869619000233422   
Timestamp  27.0, total num  1:  3,11,0.9819986839508984   
Timestamp  28.0, total num  1:  6,8,0.9990497754394118   
Timestamp  29.0, total num  0:  
Timestamp  30.0, total num  0:  
Timestamp  31.0, total num  2:  0,3,0.9996913579317854   3,15,0.9908234881090515   
Timestamp  32.0, total num  2:  1,11,0.9942519084656644   1,13,0.992783914427511   
Timestamp  33.0, total num  2:  2,8,0.9927019521580162   7,17,0.9948493709554523   
Timestamp  34.0, total num  1:  6,15,0.9945054772270198   
Timestamp  35.0, total num  1:  10,16,0.9909631014002023   
Timestamp  36.0, total num  1:  1,9,0.9943630959405785   
Timestamp  37.0, total num  1:  2,14,0.9963612521501669   
Timestamp  38.0, total num  1:  3,14,0.9832840861906881   
Timestamp  39.0, total num  0:  
Timestamp  40.0, total num  1:  10,11,0.9862458158879983   
Timestamp  41.0, total num  0:  
Timestamp  42.0, total num  0:  
Timestamp  43.0, total num  3:  1,12,0.9997994409982758   3,12,0.9854207841169437   5,7,0.9809384709095303   
Timestamp  44.0, total num  1:  7,10,0.9996634617968372   
Timestamp  45.0, total num  0:  
Timestamp  46.0, total num  1:  6,12,0.9948086776324697   
Timestamp  47.0, total num  0:  
Timestamp  48.0, total num  2:  5,16,0.9962027200412419   9,13,0.9999624348057998   
Timestamp  49.0, total num  2:  6,14,0.9955475654796262   7,9,0.9997271773519469   
Timestamp  50.0, total num  2:  7,8,0.9923766833967083   11,18,0.995332657162853   
Timestamp  51.0, total num  0:  
Timestamp  52.0, total num  0:  
